686,softmax50,241,60,30,2,72.50712585449219,weka.classifiers.functions.Logistic,-R 5.236460946154671E-11
686,softmax50,271,90,30,3,72.50712585449219,weka.classifiers.functions.Logistic,-R 5.236460946154671E-11
686,softmax50,301,120,30,4,72.50712585449219,weka.classifiers.functions.Logistic,-R 5.236460946154671E-11
686,softmax50,331,150,30,5,72.50712585449219,weka.classifiers.functions.Logistic,-R 5.236460946154671E-11
686,softmax50,362,180,30,6,72.50712585449219,weka.classifiers.functions.Logistic,-R 5.236460946154671E-11
686,softmax50,392,210,30,7,72.50712585449219,weka.classifiers.functions.Logistic,-R 5.236460946154671E-11
686,softmax50,422,240,30,8,72.50712585449219,weka.classifiers.functions.Logistic,-R 5.236460946154671E-11
686,softmax50,452,270,30,9,72.50712585449219,weka.classifiers.functions.Logistic,-R 5.236460946154671E-11
686,softmax50,482,300,30,10,72.50712585449219,weka.classifiers.functions.Logistic,-R 5.236460946154671E-11
686,softmax50,512,330,30,11,72.50712585449219,weka.classifiers.functions.Logistic,-R 5.236460946154671E-11
686,softmax50,542,360,30,12,72.50712585449219,weka.classifiers.functions.Logistic,-R 5.236460946154671E-11
686,softmax50,573,390,30,13,72.50712585449219,weka.classifiers.functions.Logistic,-R 5.236460946154671E-11
686,softmax50,603,420,30,14,72.50712585449219,weka.classifiers.functions.Logistic,-R 5.236460946154671E-11
686,softmax50,633,450,30,15,72.50712585449219,weka.classifiers.functions.Logistic,-R 5.236460946154671E-11
686,softmax50,663,480,30,16,72.50712585449219,weka.classifiers.functions.Logistic,-R 5.236460946154671E-11
686,softmax50,693,510,30,17,72.50712585449219,weka.classifiers.functions.Logistic,-R 5.236460946154671E-11
686,softmax50,723,540,30,18,72.50712585449219,weka.classifiers.functions.Logistic,-R 5.236460946154671E-11
686,softmax50,753,570,30,19,72.50712585449219,weka.classifiers.functions.Logistic,-R 5.236460946154671E-11
686,softmax50,784,600,30,20,72.50712585449219,weka.classifiers.functions.Logistic,-R 5.236460946154671E-11
686,softmax50,814,630,30,21,72.50712585449219,weka.classifiers.functions.Logistic,-R 5.236460946154671E-11
686,softmax50,844,660,30,22,72.50712585449219,weka.classifiers.functions.Logistic,-R 5.236460946154671E-11
686,softmax50,874,690,30,23,72.50712585449219,weka.classifiers.functions.Logistic,-R 5.236460946154671E-11
686,softmax50,904,720,30,24,72.50712585449219,weka.classifiers.functions.Logistic,-R 5.236460946154671E-11
686,softmax50,934,750,30,25,72.50712585449219,weka.classifiers.functions.Logistic,-R 5.236460946154671E-11
686,softmax50,965,780,30,26,72.50712585449219,weka.classifiers.functions.Logistic,-R 5.236460946154671E-11
686,softmax50,995,810,30,27,72.50712585449219,weka.classifiers.functions.Logistic,-R 5.236460946154671E-11
686,softmax50,1025,840,30,28,72.50712585449219,weka.classifiers.functions.Logistic,-R 5.236460946154671E-11
686,softmax50,1055,870,30,29,72.50712585449219,weka.classifiers.functions.Logistic,-R 5.236460946154671E-11
686,softmax50,1085,900,30,30,72.50712585449219,weka.classifiers.functions.Logistic,-R 5.236460946154671E-11
686,softmax50,1115,930,30,31,72.50712585449219,weka.classifiers.functions.Logistic,-R 5.236460946154671E-11
686,softmax50,1145,960,30,32,72.50712585449219,weka.classifiers.functions.Logistic,-R 5.236460946154671E-11
686,softmax50,1176,990,30,33,72.50712585449219,weka.classifiers.functions.Logistic,-R 5.236460946154671E-11
686,softmax50,1206,1020,30,34,72.50712585449219,weka.classifiers.functions.Logistic,-R 5.236460946154671E-11
686,softmax50,1236,1050,30,35,72.50712585449219,weka.classifiers.functions.Logistic,-R 5.236460946154671E-11
686,softmax50,1266,1080,30,36,72.50712585449219,weka.classifiers.functions.Logistic,-R 5.236460946154671E-11
686,softmax50,1296,1110,30,37,72.50712585449219,weka.classifiers.functions.Logistic,-R 5.236460946154671E-11
686,softmax50,1326,1140,30,38,72.50712585449219,weka.classifiers.functions.Logistic,-R 5.236460946154671E-11
686,softmax50,1357,1170,30,39,72.50712585449219,weka.classifiers.functions.Logistic,-R 5.236460946154671E-11
686,softmax50,1387,1200,30,40,72.50712585449219,weka.classifiers.functions.Logistic,-R 5.236460946154671E-11
