795,softmax50,242,60,30,2,37.31343460083008,weka.classifiers.functions.Logistic,-R 5.548907780036061E-10
795,softmax50,272,90,30,3,37.31343460083008,weka.classifiers.functions.Logistic,-R 5.548907780036061E-10
795,softmax50,302,120,30,4,37.31343460083008,weka.classifiers.functions.Logistic,-R 5.548907780036061E-10
795,softmax50,332,150,30,5,37.31343460083008,weka.classifiers.functions.Logistic,-R 5.548907780036061E-10
795,softmax50,362,180,30,6,37.31343460083008,weka.classifiers.functions.Logistic,-R 5.548907780036061E-10
795,softmax50,392,210,30,7,37.31343460083008,weka.classifiers.functions.Logistic,-R 5.548907780036061E-10
795,softmax50,423,240,30,8,37.31343460083008,weka.classifiers.functions.Logistic,-R 5.548907780036061E-10
795,softmax50,453,270,30,9,37.31343460083008,weka.classifiers.functions.Logistic,-R 5.548907780036061E-10
795,softmax50,483,300,30,10,37.31343460083008,weka.classifiers.functions.Logistic,-R 5.548907780036061E-10
795,softmax50,513,330,30,11,37.31343460083008,weka.classifiers.functions.Logistic,-R 5.548907780036061E-10
795,softmax50,544,360,30,12,37.31343460083008,weka.classifiers.functions.Logistic,-R 5.548907780036061E-10
795,softmax50,574,390,30,13,37.31343460083008,weka.classifiers.functions.Logistic,-R 5.548907780036061E-10
795,softmax50,604,420,30,14,37.31343460083008,weka.classifiers.functions.Logistic,-R 5.548907780036061E-10
795,softmax50,634,450,30,15,37.31343460083008,weka.classifiers.functions.Logistic,-R 5.548907780036061E-10
795,softmax50,664,480,30,16,37.31343460083008,weka.classifiers.functions.Logistic,-R 5.548907780036061E-10
795,softmax50,695,510,30,17,37.31343460083008,weka.classifiers.functions.Logistic,-R 5.548907780036061E-10
795,softmax50,725,540,30,18,37.31343460083008,weka.classifiers.functions.Logistic,-R 5.548907780036061E-10
795,softmax50,755,570,30,19,37.31343460083008,weka.classifiers.functions.Logistic,-R 5.548907780036061E-10
795,softmax50,786,600,30,20,37.31343460083008,weka.classifiers.functions.Logistic,-R 5.548907780036061E-10
795,softmax50,816,630,30,21,37.31343460083008,weka.classifiers.functions.Logistic,-R 5.548907780036061E-10
795,softmax50,846,660,30,22,37.31343460083008,weka.classifiers.functions.Logistic,-R 5.548907780036061E-10
795,softmax50,876,690,30,23,37.31343460083008,weka.classifiers.functions.Logistic,-R 5.548907780036061E-10
795,softmax50,906,720,30,24,37.31343460083008,weka.classifiers.functions.Logistic,-R 5.548907780036061E-10
795,softmax50,937,750,30,25,37.31343460083008,weka.classifiers.functions.Logistic,-R 5.548907780036061E-10
795,softmax50,967,780,30,26,37.31343460083008,weka.classifiers.functions.Logistic,-R 5.548907780036061E-10
795,softmax50,997,810,30,27,37.31343460083008,weka.classifiers.functions.Logistic,-R 5.548907780036061E-10
795,softmax50,1027,840,30,28,37.31343460083008,weka.classifiers.functions.Logistic,-R 5.548907780036061E-10
795,softmax50,1057,870,30,29,37.31343460083008,weka.classifiers.functions.Logistic,-R 5.548907780036061E-10
795,softmax50,1087,900,30,30,37.31343460083008,weka.classifiers.functions.Logistic,-R 5.548907780036061E-10
795,softmax50,1118,930,30,31,37.31343460083008,weka.classifiers.functions.Logistic,-R 5.548907780036061E-10
795,softmax50,1148,960,30,32,37.31343460083008,weka.classifiers.functions.Logistic,-R 5.548907780036061E-10
795,softmax50,1178,990,30,33,37.31343460083008,weka.classifiers.functions.Logistic,-R 5.548907780036061E-10
795,softmax50,1208,1020,30,34,37.31343460083008,weka.classifiers.functions.Logistic,-R 5.548907780036061E-10
795,softmax50,1238,1050,30,35,37.31343460083008,weka.classifiers.functions.Logistic,-R 5.548907780036061E-10
795,softmax50,1269,1080,30,36,37.31343460083008,weka.classifiers.functions.Logistic,-R 5.548907780036061E-10
795,softmax50,1299,1110,30,37,37.31343460083008,weka.classifiers.functions.Logistic,-R 5.548907780036061E-10
795,softmax50,1329,1140,30,38,37.31343460083008,weka.classifiers.functions.Logistic,-R 5.548907780036061E-10
795,softmax50,1359,1170,30,39,37.31343460083008,weka.classifiers.functions.Logistic,-R 5.548907780036061E-10
795,softmax50,1390,1200,30,40,37.31343460083008,weka.classifiers.functions.Logistic,-R 5.548907780036061E-10
