1513,softmax50,241,60,30,2,39.74359130859375,weka.classifiers.functions.Logistic,-R 5.236460946154671E-11
1513,softmax50,271,90,30,3,39.74359130859375,weka.classifiers.functions.Logistic,-R 5.236460946154671E-11
1513,softmax50,301,120,30,4,39.74359130859375,weka.classifiers.functions.Logistic,-R 5.236460946154671E-11
1513,softmax50,331,150,30,5,39.74359130859375,weka.classifiers.functions.Logistic,-R 5.236460946154671E-11
1513,softmax50,362,180,30,6,39.74359130859375,weka.classifiers.functions.Logistic,-R 5.236460946154671E-11
1513,softmax50,392,210,30,7,39.74359130859375,weka.classifiers.functions.Logistic,-R 5.236460946154671E-11
1513,softmax50,422,240,30,8,39.74359130859375,weka.classifiers.functions.Logistic,-R 5.236460946154671E-11
1513,softmax50,452,270,30,9,39.74359130859375,weka.classifiers.functions.Logistic,-R 5.236460946154671E-11
1513,softmax50,482,300,30,10,39.74359130859375,weka.classifiers.functions.Logistic,-R 5.236460946154671E-11
1513,softmax50,512,330,30,11,39.74359130859375,weka.classifiers.functions.Logistic,-R 5.236460946154671E-11
1513,softmax50,543,360,30,12,39.74359130859375,weka.classifiers.functions.Logistic,-R 5.236460946154671E-11
1513,softmax50,573,390,30,13,39.74359130859375,weka.classifiers.functions.Logistic,-R 5.236460946154671E-11
1513,softmax50,603,420,30,14,39.74359130859375,weka.classifiers.functions.Logistic,-R 5.236460946154671E-11
1513,softmax50,633,450,30,15,39.74359130859375,weka.classifiers.functions.Logistic,-R 5.236460946154671E-11
1513,softmax50,663,480,30,16,39.74359130859375,weka.classifiers.functions.Logistic,-R 5.236460946154671E-11
1513,softmax50,693,510,30,17,39.74359130859375,weka.classifiers.functions.Logistic,-R 5.236460946154671E-11
1513,softmax50,723,540,30,18,39.74359130859375,weka.classifiers.functions.Logistic,-R 5.236460946154671E-11
1513,softmax50,754,570,30,19,39.74359130859375,weka.classifiers.functions.Logistic,-R 5.236460946154671E-11
1513,softmax50,784,600,30,20,39.74359130859375,weka.classifiers.functions.Logistic,-R 5.236460946154671E-11
1513,softmax50,814,630,30,21,39.74359130859375,weka.classifiers.functions.Logistic,-R 5.236460946154671E-11
1513,softmax50,844,660,30,22,39.74359130859375,weka.classifiers.functions.Logistic,-R 5.236460946154671E-11
1513,softmax50,874,690,30,23,39.74359130859375,weka.classifiers.functions.Logistic,-R 5.236460946154671E-11
1513,softmax50,904,720,30,24,39.74359130859375,weka.classifiers.functions.Logistic,-R 5.236460946154671E-11
1513,softmax50,935,750,30,25,39.74359130859375,weka.classifiers.functions.Logistic,-R 5.236460946154671E-11
1513,softmax50,965,780,30,26,39.74359130859375,weka.classifiers.functions.Logistic,-R 5.236460946154671E-11
1513,softmax50,995,810,30,27,39.74359130859375,weka.classifiers.functions.Logistic,-R 5.236460946154671E-11
1513,softmax50,1025,840,30,28,39.74359130859375,weka.classifiers.functions.Logistic,-R 5.236460946154671E-11
1513,softmax50,1055,870,30,29,39.74359130859375,weka.classifiers.functions.Logistic,-R 5.236460946154671E-11
1513,softmax50,1085,900,30,30,39.74359130859375,weka.classifiers.functions.Logistic,-R 5.236460946154671E-11
1513,softmax50,1116,930,30,31,39.74359130859375,weka.classifiers.functions.Logistic,-R 5.236460946154671E-11
1513,softmax50,1146,960,30,32,39.74359130859375,weka.classifiers.functions.Logistic,-R 5.236460946154671E-11
1513,softmax50,1176,990,30,33,39.74359130859375,weka.classifiers.functions.Logistic,-R 5.236460946154671E-11
1513,softmax50,1206,1020,30,34,39.74359130859375,weka.classifiers.functions.Logistic,-R 5.236460946154671E-11
1513,softmax50,1236,1050,30,35,39.74359130859375,weka.classifiers.functions.Logistic,-R 5.236460946154671E-11
1513,softmax50,1266,1080,30,36,39.74359130859375,weka.classifiers.functions.Logistic,-R 5.236460946154671E-11
1513,softmax50,1297,1110,30,37,39.74359130859375,weka.classifiers.functions.Logistic,-R 5.236460946154671E-11
1513,softmax50,1327,1140,30,38,39.74359130859375,weka.classifiers.functions.Logistic,-R 5.236460946154671E-11
1513,softmax50,1357,1170,30,39,39.74359130859375,weka.classifiers.functions.Logistic,-R 5.236460946154671E-11
1513,softmax50,1387,1200,30,40,39.74359130859375,weka.classifiers.functions.Logistic,-R 5.236460946154671E-11
