481,softmax50,241,60,30,2,2.3809523582458496,weka.classifiers.functions.Logistic,-R 0.03058989781229154
481,softmax50,271,90,30,3,2.3809523582458496,weka.classifiers.functions.Logistic,-R 0.03058989781229154
481,softmax50,302,120,30,4,2.3809523582458496,weka.classifiers.functions.Logistic,-R 0.03058989781229154
481,softmax50,332,150,30,5,2.3809523582458496,weka.classifiers.functions.Logistic,-R 0.03058989781229154
481,softmax50,362,180,30,6,2.3809523582458496,weka.classifiers.functions.Logistic,-R 0.03058989781229154
481,softmax50,392,210,30,7,2.3809523582458496,weka.classifiers.functions.Logistic,-R 0.03058989781229154
481,softmax50,422,240,30,8,2.3809523582458496,weka.classifiers.functions.Logistic,-R 0.03058989781229154
481,softmax50,453,270,30,9,2.3809523582458496,weka.classifiers.functions.Logistic,-R 0.03058989781229154
481,softmax50,483,300,30,10,2.3809523582458496,weka.classifiers.functions.Logistic,-R 0.03058989781229154
481,softmax50,513,330,30,11,2.3809523582458496,weka.classifiers.functions.Logistic,-R 0.03058989781229154
481,softmax50,543,360,30,12,2.3809523582458496,weka.classifiers.functions.Logistic,-R 0.03058989781229154
481,softmax50,573,390,30,13,2.3809523582458496,weka.classifiers.functions.Logistic,-R 0.03058989781229154
481,softmax50,604,420,30,14,2.3809523582458496,weka.classifiers.functions.Logistic,-R 0.03058989781229154
481,softmax50,634,450,30,15,2.3809523582458496,weka.classifiers.functions.Logistic,-R 0.03058989781229154
481,softmax50,664,480,30,16,2.3809523582458496,weka.classifiers.functions.Logistic,-R 0.03058989781229154
481,softmax50,694,510,30,17,2.3809523582458496,weka.classifiers.functions.Logistic,-R 0.03058989781229154
481,softmax50,724,540,30,18,2.3809523582458496,weka.classifiers.functions.Logistic,-R 0.03058989781229154
481,softmax50,754,570,30,19,2.3809523582458496,weka.classifiers.functions.Logistic,-R 0.03058989781229154
481,softmax50,785,600,30,20,2.3809523582458496,weka.classifiers.functions.Logistic,-R 0.03058989781229154
481,softmax50,815,630,30,21,2.3809523582458496,weka.classifiers.functions.Logistic,-R 0.03058989781229154
481,softmax50,845,660,30,22,2.3809523582458496,weka.classifiers.functions.Logistic,-R 0.03058989781229154
481,softmax50,875,690,30,23,2.3809523582458496,weka.classifiers.functions.Logistic,-R 0.03058989781229154
481,softmax50,905,720,30,24,2.3809523582458496,weka.classifiers.functions.Logistic,-R 0.03058989781229154
481,softmax50,936,750,30,25,2.3809523582458496,weka.classifiers.functions.Logistic,-R 0.03058989781229154
481,softmax50,966,780,30,26,2.3809523582458496,weka.classifiers.functions.Logistic,-R 0.03058989781229154
481,softmax50,996,810,30,27,2.3809523582458496,weka.classifiers.functions.Logistic,-R 0.03058989781229154
481,softmax50,1026,840,30,28,2.3809523582458496,weka.classifiers.functions.Logistic,-R 0.03058989781229154
481,softmax50,1057,870,30,29,2.3809523582458496,weka.classifiers.functions.Logistic,-R 0.03058989781229154
481,softmax50,1087,900,30,30,2.3809523582458496,weka.classifiers.functions.Logistic,-R 0.03058989781229154
481,softmax50,1117,930,30,31,2.3809523582458496,weka.classifiers.functions.Logistic,-R 0.03058989781229154
481,softmax50,1147,960,30,32,2.3809523582458496,weka.classifiers.functions.Logistic,-R 0.03058989781229154
481,softmax50,1177,990,30,33,2.3809523582458496,weka.classifiers.functions.Logistic,-R 0.03058989781229154
481,softmax50,1207,1020,30,34,2.3809523582458496,weka.classifiers.functions.Logistic,-R 0.03058989781229154
481,softmax50,1238,1050,30,35,2.3809523582458496,weka.classifiers.functions.Logistic,-R 0.03058989781229154
481,softmax50,1268,1080,30,36,2.3809523582458496,weka.classifiers.functions.Logistic,-R 0.03058989781229154
481,softmax50,1298,1110,30,37,2.3809523582458496,weka.classifiers.functions.Logistic,-R 0.03058989781229154
481,softmax50,1328,1140,30,38,2.3809523582458496,weka.classifiers.functions.Logistic,-R 0.03058989781229154
481,softmax50,1358,1170,30,39,2.3809523582458496,weka.classifiers.functions.Logistic,-R 0.03058989781229154
481,softmax50,1388,1200,30,40,2.3809523582458496,weka.classifiers.functions.Logistic,-R 0.03058989781229154
