1064,softmax50,241,60,30,2,10.0,weka.classifiers.functions.Logistic,-R 3.506570472247206E-8
1064,softmax50,271,90,30,3,9.818181991577148,weka.classifiers.functions.Logistic,-R 0.08590747865995252
1064,softmax50,301,120,30,4,9.818181991577148,weka.classifiers.functions.Logistic,-R 0.08590747865995252
1064,softmax50,331,150,30,5,9.818181991577148,weka.classifiers.functions.Logistic,-R 0.08590747865995252
1064,softmax50,361,180,30,6,9.818181991577148,weka.classifiers.functions.Logistic,-R 0.08590747865995252
1064,softmax50,392,210,30,7,9.818181991577148,weka.classifiers.functions.Logistic,-R 0.08590747865995252
1064,softmax50,422,240,30,8,9.818181991577148,weka.classifiers.functions.Logistic,-R 0.08590747865995252
1064,softmax50,452,270,30,9,9.818181991577148,weka.classifiers.functions.Logistic,-R 0.08590747865995252
1064,softmax50,482,300,30,10,9.818181991577148,weka.classifiers.functions.Logistic,-R 0.08590747865995252
1064,softmax50,512,330,30,11,9.818181991577148,weka.classifiers.functions.Logistic,-R 0.08590747865995252
1064,softmax50,542,360,30,12,9.818181991577148,weka.classifiers.functions.Logistic,-R 0.08590747865995252
1064,softmax50,573,390,30,13,9.818181991577148,weka.classifiers.functions.Logistic,-R 0.08590747865995252
1064,softmax50,603,420,30,14,9.818181991577148,weka.classifiers.functions.Logistic,-R 0.08590747865995252
1064,softmax50,633,450,30,15,9.818181991577148,weka.classifiers.functions.Logistic,-R 0.08590747865995252
1064,softmax50,663,480,30,16,9.818181991577148,weka.classifiers.functions.Logistic,-R 0.08590747865995252
1064,softmax50,693,510,30,17,9.818181991577148,weka.classifiers.functions.Logistic,-R 0.08590747865995252
1064,softmax50,723,540,30,18,9.818181991577148,weka.classifiers.functions.Logistic,-R 0.08590747865995252
1064,softmax50,753,570,30,19,9.818181991577148,weka.classifiers.functions.Logistic,-R 0.08590747865995252
1064,softmax50,784,600,30,20,9.818181991577148,weka.classifiers.functions.Logistic,-R 0.08590747865995252
1064,softmax50,814,630,30,21,9.818181991577148,weka.classifiers.functions.Logistic,-R 0.08590747865995252
1064,softmax50,844,660,30,22,8.818181991577148,weka.classifiers.functions.Logistic,-R 0.11476868285768178
1064,softmax50,874,690,30,23,8.818181991577148,weka.classifiers.functions.Logistic,-R 0.11476868285768178
1064,softmax50,904,720,30,24,8.818181991577148,weka.classifiers.functions.Logistic,-R 0.11476868285768178
1064,softmax50,934,750,30,25,8.818181991577148,weka.classifiers.functions.Logistic,-R 0.11476868285768178
1064,softmax50,964,780,30,26,8.818181991577148,weka.classifiers.functions.Logistic,-R 0.11476868285768178
1064,softmax50,995,810,30,27,8.818181991577148,weka.classifiers.functions.Logistic,-R 0.11476868285768178
1064,softmax50,1025,840,30,28,8.818181991577148,weka.classifiers.functions.Logistic,-R 0.11476868285768178
1064,softmax50,1055,870,30,29,8.818181991577148,weka.classifiers.functions.Logistic,-R 0.11476868285768178
1064,softmax50,1085,900,30,30,8.818181991577148,weka.classifiers.functions.Logistic,-R 0.11476868285768178
1064,softmax50,1115,930,30,31,8.818181991577148,weka.classifiers.functions.Logistic,-R 0.11476868285768178
1064,softmax50,1145,960,30,32,8.818181991577148,weka.classifiers.functions.Logistic,-R 0.11476868285768178
1064,softmax50,1176,990,30,33,8.818181991577148,weka.classifiers.functions.Logistic,-R 0.11476868285768178
1064,softmax50,1206,1020,30,34,8.818181991577148,weka.classifiers.functions.Logistic,-R 0.11476868285768178
1064,softmax50,1236,1050,30,35,8.818181991577148,weka.classifiers.functions.Logistic,-R 0.11476868285768178
1064,softmax50,1266,1080,30,36,8.818181991577148,weka.classifiers.functions.Logistic,-R 0.11476868285768178
1064,softmax50,1296,1110,30,37,8.818181991577148,weka.classifiers.functions.Logistic,-R 0.11476868285768178
1064,softmax50,1326,1140,30,38,8.818181991577148,weka.classifiers.functions.Logistic,-R 0.11476868285768178
1064,softmax50,1356,1170,30,39,8.818181991577148,weka.classifiers.functions.Logistic,-R 0.11476868285768178
1064,softmax50,1387,1200,30,40,8.818181991577148,weka.classifiers.functions.Logistic,-R 0.11476868285768178
