494,softmax50,242,60,30,2,38.46154022216797,weka.classifiers.functions.Logistic,-R 5.548907780036061E-10
494,softmax50,272,90,30,3,38.46154022216797,weka.classifiers.functions.Logistic,-R 5.548907780036061E-10
494,softmax50,302,120,30,4,38.46154022216797,weka.classifiers.functions.Logistic,-R 5.548907780036061E-10
494,softmax50,333,150,30,5,38.46154022216797,weka.classifiers.functions.Logistic,-R 5.548907780036061E-10
494,softmax50,363,180,30,6,38.46154022216797,weka.classifiers.functions.Logistic,-R 5.548907780036061E-10
494,softmax50,393,210,30,7,38.46154022216797,weka.classifiers.functions.Logistic,-R 5.548907780036061E-10
494,softmax50,423,240,30,8,38.46154022216797,weka.classifiers.functions.Logistic,-R 5.548907780036061E-10
494,softmax50,453,270,30,9,38.46154022216797,weka.classifiers.functions.Logistic,-R 5.548907780036061E-10
494,softmax50,483,300,30,10,38.46154022216797,weka.classifiers.functions.Logistic,-R 5.548907780036061E-10
494,softmax50,514,330,30,11,38.46154022216797,weka.classifiers.functions.Logistic,-R 5.548907780036061E-10
494,softmax50,544,360,30,12,38.46154022216797,weka.classifiers.functions.Logistic,-R 5.548907780036061E-10
494,softmax50,574,390,30,13,38.46154022216797,weka.classifiers.functions.Logistic,-R 5.548907780036061E-10
494,softmax50,604,420,30,14,38.46154022216797,weka.classifiers.functions.Logistic,-R 5.548907780036061E-10
494,softmax50,635,450,30,15,38.46154022216797,weka.classifiers.functions.Logistic,-R 5.548907780036061E-10
494,softmax50,665,480,30,16,38.46154022216797,weka.classifiers.functions.Logistic,-R 5.548907780036061E-10
494,softmax50,695,510,30,17,38.46154022216797,weka.classifiers.functions.Logistic,-R 5.548907780036061E-10
494,softmax50,725,540,30,18,38.46154022216797,weka.classifiers.functions.Logistic,-R 5.548907780036061E-10
494,softmax50,756,570,30,19,38.46154022216797,weka.classifiers.functions.Logistic,-R 5.548907780036061E-10
494,softmax50,786,600,30,20,38.46154022216797,weka.classifiers.functions.Logistic,-R 5.548907780036061E-10
494,softmax50,816,630,30,21,38.46154022216797,weka.classifiers.functions.Logistic,-R 5.548907780036061E-10
494,softmax50,846,660,30,22,38.46154022216797,weka.classifiers.functions.Logistic,-R 5.548907780036061E-10
494,softmax50,876,690,30,23,38.46154022216797,weka.classifiers.functions.Logistic,-R 5.548907780036061E-10
494,softmax50,907,720,30,24,38.46154022216797,weka.classifiers.functions.Logistic,-R 5.548907780036061E-10
494,softmax50,937,750,30,25,38.46154022216797,weka.classifiers.functions.Logistic,-R 5.548907780036061E-10
494,softmax50,967,780,30,26,38.46154022216797,weka.classifiers.functions.Logistic,-R 5.548907780036061E-10
494,softmax50,997,810,30,27,38.46154022216797,weka.classifiers.functions.Logistic,-R 5.548907780036061E-10
494,softmax50,1027,840,30,28,38.46154022216797,weka.classifiers.functions.Logistic,-R 5.548907780036061E-10
494,softmax50,1058,870,30,29,38.46154022216797,weka.classifiers.functions.Logistic,-R 5.548907780036061E-10
494,softmax50,1088,900,30,30,38.46154022216797,weka.classifiers.functions.Logistic,-R 5.548907780036061E-10
494,softmax50,1118,930,30,31,38.46154022216797,weka.classifiers.functions.Logistic,-R 5.548907780036061E-10
494,softmax50,1148,960,30,32,38.46154022216797,weka.classifiers.functions.Logistic,-R 5.548907780036061E-10
494,softmax50,1178,990,30,33,38.46154022216797,weka.classifiers.functions.Logistic,-R 5.548907780036061E-10
494,softmax50,1209,1020,30,34,38.46154022216797,weka.classifiers.functions.Logistic,-R 5.548907780036061E-10
494,softmax50,1239,1050,30,35,38.46154022216797,weka.classifiers.functions.Logistic,-R 5.548907780036061E-10
494,softmax50,1269,1080,30,36,38.46154022216797,weka.classifiers.functions.Logistic,-R 5.548907780036061E-10
494,softmax50,1299,1110,30,37,38.46154022216797,weka.classifiers.functions.Logistic,-R 5.548907780036061E-10
494,softmax50,1330,1140,30,38,38.46154022216797,weka.classifiers.functions.Logistic,-R 5.548907780036061E-10
494,softmax50,1360,1170,30,39,38.46154022216797,weka.classifiers.functions.Logistic,-R 5.548907780036061E-10
494,softmax50,1390,1200,30,40,38.46154022216797,weka.classifiers.functions.Logistic,-R 5.548907780036061E-10
