194,softmax50,241,60,30,2,38.709678649902344,weka.classifiers.functions.Logistic,-R 5.548907780036061E-10
194,softmax50,272,90,30,3,38.709678649902344,weka.classifiers.functions.Logistic,-R 5.548907780036061E-10
194,softmax50,302,120,30,4,38.709678649902344,weka.classifiers.functions.Logistic,-R 5.548907780036061E-10
194,softmax50,332,150,30,5,38.709678649902344,weka.classifiers.functions.Logistic,-R 5.548907780036061E-10
194,softmax50,362,180,30,6,38.709678649902344,weka.classifiers.functions.Logistic,-R 5.548907780036061E-10
194,softmax50,392,210,30,7,38.709678649902344,weka.classifiers.functions.Logistic,-R 5.548907780036061E-10
194,softmax50,423,240,30,8,38.709678649902344,weka.classifiers.functions.Logistic,-R 5.548907780036061E-10
194,softmax50,453,270,30,9,38.709678649902344,weka.classifiers.functions.Logistic,-R 5.548907780036061E-10
194,softmax50,483,300,30,10,38.709678649902344,weka.classifiers.functions.Logistic,-R 5.548907780036061E-10
194,softmax50,513,330,30,11,38.709678649902344,weka.classifiers.functions.Logistic,-R 5.548907780036061E-10
194,softmax50,543,360,30,12,38.709678649902344,weka.classifiers.functions.Logistic,-R 5.548907780036061E-10
194,softmax50,574,390,30,13,38.709678649902344,weka.classifiers.functions.Logistic,-R 5.548907780036061E-10
194,softmax50,604,420,30,14,38.709678649902344,weka.classifiers.functions.Logistic,-R 5.548907780036061E-10
194,softmax50,634,450,30,15,38.709678649902344,weka.classifiers.functions.Logistic,-R 5.548907780036061E-10
194,softmax50,664,480,30,16,38.709678649902344,weka.classifiers.functions.Logistic,-R 5.548907780036061E-10
194,softmax50,694,510,30,17,38.709678649902344,weka.classifiers.functions.Logistic,-R 5.548907780036061E-10
194,softmax50,724,540,30,18,38.709678649902344,weka.classifiers.functions.Logistic,-R 5.548907780036061E-10
194,softmax50,755,570,30,19,38.709678649902344,weka.classifiers.functions.Logistic,-R 5.548907780036061E-10
194,softmax50,785,600,30,20,38.709678649902344,weka.classifiers.functions.Logistic,-R 5.548907780036061E-10
194,softmax50,815,630,30,21,38.709678649902344,weka.classifiers.functions.Logistic,-R 5.548907780036061E-10
194,softmax50,845,660,30,22,38.709678649902344,weka.classifiers.functions.Logistic,-R 5.548907780036061E-10
194,softmax50,875,690,30,23,38.709678649902344,weka.classifiers.functions.Logistic,-R 5.548907780036061E-10
194,softmax50,906,720,30,24,38.709678649902344,weka.classifiers.functions.Logistic,-R 5.548907780036061E-10
194,softmax50,936,750,30,25,38.709678649902344,weka.classifiers.functions.Logistic,-R 5.548907780036061E-10
194,softmax50,966,780,30,26,38.709678649902344,weka.classifiers.functions.Logistic,-R 5.548907780036061E-10
194,softmax50,996,810,30,27,38.709678649902344,weka.classifiers.functions.Logistic,-R 5.548907780036061E-10
194,softmax50,1026,840,30,28,38.709678649902344,weka.classifiers.functions.Logistic,-R 5.548907780036061E-10
194,softmax50,1056,870,30,29,38.709678649902344,weka.classifiers.functions.Logistic,-R 5.548907780036061E-10
194,softmax50,1087,900,30,30,38.709678649902344,weka.classifiers.functions.Logistic,-R 5.548907780036061E-10
194,softmax50,1117,930,30,31,38.709678649902344,weka.classifiers.functions.Logistic,-R 5.548907780036061E-10
194,softmax50,1147,960,30,32,38.709678649902344,weka.classifiers.functions.Logistic,-R 5.548907780036061E-10
194,softmax50,1177,990,30,33,38.709678649902344,weka.classifiers.functions.Logistic,-R 5.548907780036061E-10
194,softmax50,1208,1020,30,34,38.709678649902344,weka.classifiers.functions.Logistic,-R 5.548907780036061E-10
194,softmax50,1238,1050,30,35,38.709678649902344,weka.classifiers.functions.Logistic,-R 5.548907780036061E-10
194,softmax50,1268,1080,30,36,38.709678649902344,weka.classifiers.functions.Logistic,-R 5.548907780036061E-10
194,softmax50,1298,1110,30,37,38.709678649902344,weka.classifiers.functions.Logistic,-R 5.548907780036061E-10
194,softmax50,1328,1140,30,38,38.709678649902344,weka.classifiers.functions.Logistic,-R 5.548907780036061E-10
194,softmax50,1358,1170,30,39,38.709678649902344,weka.classifiers.functions.Logistic,-R 5.548907780036061E-10
194,softmax50,1389,1200,30,40,38.709678649902344,weka.classifiers.functions.Logistic,-R 5.548907780036061E-10
