795,softmax50,241,60,30,2,40.90909194946289,weka.classifiers.functions.Logistic,-R 2.407169320857391E-11
795,softmax50,271,90,30,3,40.90909194946289,weka.classifiers.functions.Logistic,-R 2.407169320857391E-11
795,softmax50,301,120,30,4,40.90909194946289,weka.classifiers.functions.Logistic,-R 2.407169320857391E-11
795,softmax50,331,150,30,5,40.90909194946289,weka.classifiers.functions.Logistic,-R 2.407169320857391E-11
795,softmax50,362,180,30,6,40.90909194946289,weka.classifiers.functions.Logistic,-R 2.407169320857391E-11
795,softmax50,392,210,30,7,40.90909194946289,weka.classifiers.functions.Logistic,-R 2.407169320857391E-11
795,softmax50,422,240,30,8,40.90909194946289,weka.classifiers.functions.Logistic,-R 2.407169320857391E-11
795,softmax50,452,270,30,9,40.90909194946289,weka.classifiers.functions.Logistic,-R 2.407169320857391E-11
795,softmax50,482,300,30,10,40.90909194946289,weka.classifiers.functions.Logistic,-R 2.407169320857391E-11
795,softmax50,513,330,30,11,40.90909194946289,weka.classifiers.functions.Logistic,-R 2.407169320857391E-11
795,softmax50,543,360,30,12,40.90909194946289,weka.classifiers.functions.Logistic,-R 2.407169320857391E-11
795,softmax50,573,390,30,13,40.90909194946289,weka.classifiers.functions.Logistic,-R 2.407169320857391E-11
795,softmax50,603,420,30,14,40.90909194946289,weka.classifiers.functions.Logistic,-R 2.407169320857391E-11
795,softmax50,633,450,30,15,40.90909194946289,weka.classifiers.functions.Logistic,-R 2.407169320857391E-11
795,softmax50,663,480,30,16,40.90909194946289,weka.classifiers.functions.Logistic,-R 2.407169320857391E-11
795,softmax50,694,510,30,17,40.90909194946289,weka.classifiers.functions.Logistic,-R 2.407169320857391E-11
795,softmax50,724,540,30,18,40.90909194946289,weka.classifiers.functions.Logistic,-R 2.407169320857391E-11
795,softmax50,754,570,30,19,40.90909194946289,weka.classifiers.functions.Logistic,-R 2.407169320857391E-11
795,softmax50,784,600,30,20,40.90909194946289,weka.classifiers.functions.Logistic,-R 2.407169320857391E-11
795,softmax50,814,630,30,21,40.90909194946289,weka.classifiers.functions.Logistic,-R 2.407169320857391E-11
795,softmax50,844,660,30,22,40.90909194946289,weka.classifiers.functions.Logistic,-R 2.407169320857391E-11
795,softmax50,875,690,30,23,40.90909194946289,weka.classifiers.functions.Logistic,-R 2.407169320857391E-11
795,softmax50,905,720,30,24,40.90909194946289,weka.classifiers.functions.Logistic,-R 2.407169320857391E-11
795,softmax50,935,750,30,25,40.90909194946289,weka.classifiers.functions.Logistic,-R 2.407169320857391E-11
795,softmax50,965,780,30,26,40.90909194946289,weka.classifiers.functions.Logistic,-R 2.407169320857391E-11
795,softmax50,996,810,30,27,40.90909194946289,weka.classifiers.functions.Logistic,-R 2.407169320857391E-11
795,softmax50,1026,840,30,28,40.90909194946289,weka.classifiers.functions.Logistic,-R 2.407169320857391E-11
795,softmax50,1056,870,30,29,40.90909194946289,weka.classifiers.functions.Logistic,-R 2.407169320857391E-11
795,softmax50,1086,900,30,30,40.90909194946289,weka.classifiers.functions.Logistic,-R 2.407169320857391E-11
795,softmax50,1116,930,30,31,40.90909194946289,weka.classifiers.functions.Logistic,-R 2.407169320857391E-11
795,softmax50,1146,960,30,32,40.90909194946289,weka.classifiers.functions.Logistic,-R 2.407169320857391E-11
795,softmax50,1177,990,30,33,40.90909194946289,weka.classifiers.functions.Logistic,-R 2.407169320857391E-11
795,softmax50,1207,1020,30,34,40.90909194946289,weka.classifiers.functions.Logistic,-R 2.407169320857391E-11
795,softmax50,1237,1050,30,35,40.90909194946289,weka.classifiers.functions.Logistic,-R 2.407169320857391E-11
795,softmax50,1267,1080,30,36,40.90909194946289,weka.classifiers.functions.Logistic,-R 2.407169320857391E-11
795,softmax50,1297,1110,30,37,40.90909194946289,weka.classifiers.functions.Logistic,-R 2.407169320857391E-11
795,softmax50,1327,1140,30,38,40.90909194946289,weka.classifiers.functions.Logistic,-R 2.407169320857391E-11
795,softmax50,1358,1170,30,39,40.90909194946289,weka.classifiers.functions.Logistic,-R 2.407169320857391E-11
795,softmax50,1388,1200,30,40,40.90909194946289,weka.classifiers.functions.Logistic,-R 2.407169320857391E-11
