204,softmax50,241,60,30,2,29.032258987426758,weka.classifiers.functions.Logistic,-R 5.236460946154671E-11
204,softmax50,271,90,30,3,29.032258987426758,weka.classifiers.functions.Logistic,-R 5.236460946154671E-11
204,softmax50,301,120,30,4,29.032258987426758,weka.classifiers.functions.Logistic,-R 5.236460946154671E-11
204,softmax50,332,150,30,5,29.032258987426758,weka.classifiers.functions.Logistic,-R 5.236460946154671E-11
204,softmax50,362,180,30,6,29.032258987426758,weka.classifiers.functions.Logistic,-R 5.236460946154671E-11
204,softmax50,392,210,30,7,29.032258987426758,weka.classifiers.functions.Logistic,-R 5.236460946154671E-11
204,softmax50,422,240,30,8,29.032258987426758,weka.classifiers.functions.Logistic,-R 5.236460946154671E-11
204,softmax50,452,270,30,9,29.032258987426758,weka.classifiers.functions.Logistic,-R 5.236460946154671E-11
204,softmax50,482,300,30,10,29.032258987426758,weka.classifiers.functions.Logistic,-R 5.236460946154671E-11
204,softmax50,513,330,30,11,29.032258987426758,weka.classifiers.functions.Logistic,-R 5.236460946154671E-11
204,softmax50,543,360,30,12,29.032258987426758,weka.classifiers.functions.Logistic,-R 5.236460946154671E-11
204,softmax50,573,390,30,13,29.032258987426758,weka.classifiers.functions.Logistic,-R 5.236460946154671E-11
204,softmax50,603,420,30,14,29.032258987426758,weka.classifiers.functions.Logistic,-R 5.236460946154671E-11
204,softmax50,633,450,30,15,29.032258987426758,weka.classifiers.functions.Logistic,-R 5.236460946154671E-11
204,softmax50,663,480,30,16,29.032258987426758,weka.classifiers.functions.Logistic,-R 5.236460946154671E-11
204,softmax50,694,510,30,17,29.032258987426758,weka.classifiers.functions.Logistic,-R 5.236460946154671E-11
