795,softmax50,241,60,30,2,43.483341217041016,weka.classifiers.functions.Logistic,-R 4.457139394006726E-10
795,softmax50,271,90,30,3,43.483341217041016,weka.classifiers.functions.Logistic,-R 4.457139394006726E-10
795,softmax50,302,120,30,4,43.483341217041016,weka.classifiers.functions.Logistic,-R 4.457139394006726E-10
795,softmax50,332,150,30,5,43.483341217041016,weka.classifiers.functions.Logistic,-R 4.457139394006726E-10
795,softmax50,362,180,30,6,43.483341217041016,weka.classifiers.functions.Logistic,-R 4.457139394006726E-10
795,softmax50,392,210,30,7,43.483341217041016,weka.classifiers.functions.Logistic,-R 4.457139394006726E-10
795,softmax50,422,240,30,8,43.483341217041016,weka.classifiers.functions.Logistic,-R 4.457139394006726E-10
795,softmax50,452,270,30,9,43.483341217041016,weka.classifiers.functions.Logistic,-R 4.457139394006726E-10
795,softmax50,483,300,30,10,43.483341217041016,weka.classifiers.functions.Logistic,-R 4.457139394006726E-10
795,softmax50,513,330,30,11,43.483341217041016,weka.classifiers.functions.Logistic,-R 4.457139394006726E-10
795,softmax50,543,360,30,12,43.483341217041016,weka.classifiers.functions.Logistic,-R 4.457139394006726E-10
795,softmax50,573,390,30,13,43.483341217041016,weka.classifiers.functions.Logistic,-R 4.457139394006726E-10
795,softmax50,603,420,30,14,43.483341217041016,weka.classifiers.functions.Logistic,-R 4.457139394006726E-10
795,softmax50,633,450,30,15,43.483341217041016,weka.classifiers.functions.Logistic,-R 4.457139394006726E-10
795,softmax50,663,480,30,16,43.483341217041016,weka.classifiers.functions.Logistic,-R 4.457139394006726E-10
795,softmax50,694,510,30,17,43.483341217041016,weka.classifiers.functions.Logistic,-R 4.457139394006726E-10
795,softmax50,724,540,30,18,43.483341217041016,weka.classifiers.functions.Logistic,-R 4.457139394006726E-10
795,softmax50,754,570,30,19,43.483341217041016,weka.classifiers.functions.Logistic,-R 4.457139394006726E-10
795,softmax50,784,600,30,20,43.483341217041016,weka.classifiers.functions.Logistic,-R 4.457139394006726E-10
795,softmax50,814,630,30,21,43.483341217041016,weka.classifiers.functions.Logistic,-R 4.457139394006726E-10
795,softmax50,845,660,30,22,43.483341217041016,weka.classifiers.functions.Logistic,-R 4.457139394006726E-10
795,softmax50,875,690,30,23,43.483341217041016,weka.classifiers.functions.Logistic,-R 4.457139394006726E-10
795,softmax50,905,720,30,24,43.483341217041016,weka.classifiers.functions.Logistic,-R 4.457139394006726E-10
795,softmax50,935,750,30,25,43.483341217041016,weka.classifiers.functions.Logistic,-R 4.457139394006726E-10
795,softmax50,965,780,30,26,43.483341217041016,weka.classifiers.functions.Logistic,-R 4.457139394006726E-10
795,softmax50,995,810,30,27,43.483341217041016,weka.classifiers.functions.Logistic,-R 4.457139394006726E-10
795,softmax50,1026,840,30,28,43.483341217041016,weka.classifiers.functions.Logistic,-R 4.457139394006726E-10
795,softmax50,1056,870,30,29,43.483341217041016,weka.classifiers.functions.Logistic,-R 4.457139394006726E-10
795,softmax50,1086,900,30,30,43.483341217041016,weka.classifiers.functions.Logistic,-R 4.457139394006726E-10
795,softmax50,1116,930,30,31,43.483341217041016,weka.classifiers.functions.Logistic,-R 4.457139394006726E-10
795,softmax50,1146,960,30,32,43.483341217041016,weka.classifiers.functions.Logistic,-R 4.457139394006726E-10
795,softmax50,1176,990,30,33,43.483341217041016,weka.classifiers.functions.Logistic,-R 4.457139394006726E-10
795,softmax50,1207,1020,30,34,43.483341217041016,weka.classifiers.functions.Logistic,-R 4.457139394006726E-10
795,softmax50,1237,1050,30,35,43.483341217041016,weka.classifiers.functions.Logistic,-R 4.457139394006726E-10
795,softmax50,1267,1080,30,36,43.483341217041016,weka.classifiers.functions.Logistic,-R 4.457139394006726E-10
795,softmax50,1297,1110,30,37,43.483341217041016,weka.classifiers.functions.Logistic,-R 4.457139394006726E-10
795,softmax50,1327,1140,30,38,43.483341217041016,weka.classifiers.functions.Logistic,-R 4.457139394006726E-10
795,softmax50,1357,1170,30,39,43.483341217041016,weka.classifiers.functions.Logistic,-R 4.457139394006726E-10
795,softmax50,1388,1200,30,40,43.483341217041016,weka.classifiers.functions.Logistic,-R 4.457139394006726E-10
