497,softmax50,242,60,30,2,14.285714149475098,weka.classifiers.functions.Logistic,-R 5.548907780036061E-10
497,softmax50,272,90,30,3,14.285714149475098,weka.classifiers.functions.Logistic,-R 5.548907780036061E-10
497,softmax50,302,120,30,4,14.285714149475098,weka.classifiers.functions.Logistic,-R 5.548907780036061E-10
497,softmax50,332,150,30,5,14.285714149475098,weka.classifiers.functions.Logistic,-R 5.548907780036061E-10
497,softmax50,362,180,30,6,14.285714149475098,weka.classifiers.functions.Logistic,-R 5.548907780036061E-10
497,softmax50,393,210,30,7,14.285714149475098,weka.classifiers.functions.Logistic,-R 5.548907780036061E-10
497,softmax50,423,240,30,8,14.285714149475098,weka.classifiers.functions.Logistic,-R 5.548907780036061E-10
497,softmax50,453,270,30,9,14.285714149475098,weka.classifiers.functions.Logistic,-R 5.548907780036061E-10
497,softmax50,483,300,30,10,14.285714149475098,weka.classifiers.functions.Logistic,-R 5.548907780036061E-10
497,softmax50,514,330,30,11,14.285714149475098,weka.classifiers.functions.Logistic,-R 5.548907780036061E-10
497,softmax50,544,360,30,12,14.285714149475098,weka.classifiers.functions.Logistic,-R 5.548907780036061E-10
497,softmax50,574,390,30,13,14.285714149475098,weka.classifiers.functions.Logistic,-R 5.548907780036061E-10
497,softmax50,605,420,30,14,14.285714149475098,weka.classifiers.functions.Logistic,-R 5.548907780036061E-10
497,softmax50,635,450,30,15,14.285714149475098,weka.classifiers.functions.Logistic,-R 5.548907780036061E-10
497,softmax50,665,480,30,16,14.285714149475098,weka.classifiers.functions.Logistic,-R 5.548907780036061E-10
497,softmax50,695,510,30,17,14.285714149475098,weka.classifiers.functions.Logistic,-R 5.548907780036061E-10
497,softmax50,725,540,30,18,14.285714149475098,weka.classifiers.functions.Logistic,-R 5.548907780036061E-10
497,softmax50,755,570,30,19,14.285714149475098,weka.classifiers.functions.Logistic,-R 5.548907780036061E-10
497,softmax50,786,600,30,20,14.285714149475098,weka.classifiers.functions.Logistic,-R 5.548907780036061E-10
497,softmax50,816,630,30,21,14.285714149475098,weka.classifiers.functions.Logistic,-R 5.548907780036061E-10
497,softmax50,846,660,30,22,14.285714149475098,weka.classifiers.functions.Logistic,-R 5.548907780036061E-10
497,softmax50,876,690,30,23,14.285714149475098,weka.classifiers.functions.Logistic,-R 5.548907780036061E-10
497,softmax50,906,720,30,24,14.285714149475098,weka.classifiers.functions.Logistic,-R 5.548907780036061E-10
497,softmax50,937,750,30,25,14.285714149475098,weka.classifiers.functions.Logistic,-R 5.548907780036061E-10
497,softmax50,967,780,30,26,14.285714149475098,weka.classifiers.functions.Logistic,-R 5.548907780036061E-10
497,softmax50,997,810,30,27,14.285714149475098,weka.classifiers.functions.Logistic,-R 5.548907780036061E-10
497,softmax50,1027,840,30,28,14.285714149475098,weka.classifiers.functions.Logistic,-R 5.548907780036061E-10
497,softmax50,1057,870,30,29,14.285714149475098,weka.classifiers.functions.Logistic,-R 5.548907780036061E-10
497,softmax50,1087,900,30,30,14.285714149475098,weka.classifiers.functions.Logistic,-R 5.548907780036061E-10
497,softmax50,1118,930,30,31,14.285714149475098,weka.classifiers.functions.Logistic,-R 5.548907780036061E-10
497,softmax50,1148,960,30,32,14.285714149475098,weka.classifiers.functions.Logistic,-R 5.548907780036061E-10
497,softmax50,1178,990,30,33,14.285714149475098,weka.classifiers.functions.Logistic,-R 5.548907780036061E-10
497,softmax50,1208,1020,30,34,14.285714149475098,weka.classifiers.functions.Logistic,-R 5.548907780036061E-10
497,softmax50,1238,1050,30,35,14.285714149475098,weka.classifiers.functions.Logistic,-R 5.548907780036061E-10
497,softmax50,1268,1080,30,36,14.285714149475098,weka.classifiers.functions.Logistic,-R 5.548907780036061E-10
497,softmax50,1299,1110,30,37,14.285714149475098,weka.classifiers.functions.Logistic,-R 5.548907780036061E-10
497,softmax50,1329,1140,30,38,14.285714149475098,weka.classifiers.functions.Logistic,-R 5.548907780036061E-10
497,softmax50,1359,1170,30,39,14.285714149475098,weka.classifiers.functions.Logistic,-R 5.548907780036061E-10
497,softmax50,1389,1200,30,40,14.285714149475098,weka.classifiers.functions.Logistic,-R 5.548907780036061E-10
