519,softmax50,242,60,30,2,71.0526351928711,weka.classifiers.functions.Logistic,-R 0.03058989781229154
519,softmax50,272,90,30,3,71.0526351928711,weka.classifiers.functions.Logistic,-R 0.03058989781229154
519,softmax50,303,120,30,4,71.0526351928711,weka.classifiers.functions.Logistic,-R 0.03058989781229154
519,softmax50,333,150,30,5,71.0526351928711,weka.classifiers.functions.Logistic,-R 0.03058989781229154
519,softmax50,363,180,30,6,71.0526351928711,weka.classifiers.functions.Logistic,-R 0.03058989781229154
519,softmax50,393,210,30,7,71.0526351928711,weka.classifiers.functions.Logistic,-R 0.03058989781229154
519,softmax50,423,240,30,8,71.0526351928711,weka.classifiers.functions.Logistic,-R 0.03058989781229154
519,softmax50,454,270,30,9,71.0526351928711,weka.classifiers.functions.Logistic,-R 0.03058989781229154
519,softmax50,484,300,30,10,71.0526351928711,weka.classifiers.functions.Logistic,-R 0.03058989781229154
519,softmax50,514,330,30,11,71.0526351928711,weka.classifiers.functions.Logistic,-R 0.03058989781229154
519,softmax50,544,360,30,12,71.0526351928711,weka.classifiers.functions.Logistic,-R 0.03058989781229154
519,softmax50,574,390,30,13,71.0526351928711,weka.classifiers.functions.Logistic,-R 0.03058989781229154
519,softmax50,604,420,30,14,71.0526351928711,weka.classifiers.functions.Logistic,-R 0.03058989781229154
519,softmax50,635,450,30,15,71.0526351928711,weka.classifiers.functions.Logistic,-R 0.03058989781229154
519,softmax50,665,480,30,16,71.0526351928711,weka.classifiers.functions.Logistic,-R 0.03058989781229154
519,softmax50,695,510,30,17,71.0526351928711,weka.classifiers.functions.Logistic,-R 0.03058989781229154
519,softmax50,725,540,30,18,71.0526351928711,weka.classifiers.functions.Logistic,-R 0.03058989781229154
519,softmax50,755,570,30,19,71.0526351928711,weka.classifiers.functions.Logistic,-R 0.03058989781229154
519,softmax50,786,600,30,20,71.0526351928711,weka.classifiers.functions.Logistic,-R 0.03058989781229154
519,softmax50,816,630,30,21,71.0526351928711,weka.classifiers.functions.Logistic,-R 0.03058989781229154
519,softmax50,846,660,30,22,71.0526351928711,weka.classifiers.functions.Logistic,-R 0.03058989781229154
519,softmax50,876,690,30,23,71.0526351928711,weka.classifiers.functions.Logistic,-R 0.03058989781229154
519,softmax50,906,720,30,24,71.0526351928711,weka.classifiers.functions.Logistic,-R 0.03058989781229154
519,softmax50,937,750,30,25,71.0526351928711,weka.classifiers.functions.Logistic,-R 0.03058989781229154
519,softmax50,967,780,30,26,71.0526351928711,weka.classifiers.functions.Logistic,-R 0.03058989781229154
519,softmax50,997,810,30,27,71.0526351928711,weka.classifiers.functions.Logistic,-R 0.03058989781229154
519,softmax50,1027,840,30,28,71.0526351928711,weka.classifiers.functions.Logistic,-R 0.03058989781229154
519,softmax50,1057,870,30,29,71.0526351928711,weka.classifiers.functions.Logistic,-R 0.03058989781229154
519,softmax50,1088,900,30,30,71.0526351928711,weka.classifiers.functions.Logistic,-R 0.03058989781229154
519,softmax50,1118,930,30,31,71.0526351928711,weka.classifiers.functions.Logistic,-R 0.03058989781229154
519,softmax50,1148,960,30,32,71.0526351928711,weka.classifiers.functions.Logistic,-R 0.03058989781229154
519,softmax50,1178,990,30,33,71.0526351928711,weka.classifiers.functions.Logistic,-R 0.03058989781229154
519,softmax50,1208,1020,30,34,71.0526351928711,weka.classifiers.functions.Logistic,-R 0.03058989781229154
519,softmax50,1238,1050,30,35,71.0526351928711,weka.classifiers.functions.Logistic,-R 0.03058989781229154
519,softmax50,1269,1080,30,36,71.0526351928711,weka.classifiers.functions.Logistic,-R 0.03058989781229154
519,softmax50,1299,1110,30,37,71.0526351928711,weka.classifiers.functions.Logistic,-R 0.03058989781229154
519,softmax50,1329,1140,30,38,71.0526351928711,weka.classifiers.functions.Logistic,-R 0.03058989781229154
519,softmax50,1359,1170,30,39,71.0526351928711,weka.classifiers.functions.Logistic,-R 0.03058989781229154
519,softmax50,1389,1200,30,40,71.0526351928711,weka.classifiers.functions.Logistic,-R 0.03058989781229154
