748,softmax50,241,60,30,2,5.882352828979492,weka.classifiers.functions.Logistic,-R 5.236460946154671E-11
748,softmax50,272,90,30,3,5.882352828979492,weka.classifiers.functions.Logistic,-R 5.236460946154671E-11
748,softmax50,302,120,30,4,5.882352828979492,weka.classifiers.functions.Logistic,-R 5.236460946154671E-11
748,softmax50,332,150,30,5,5.882352828979492,weka.classifiers.functions.Logistic,-R 5.236460946154671E-11
748,softmax50,362,180,30,6,5.882352828979492,weka.classifiers.functions.Logistic,-R 5.236460946154671E-11
748,softmax50,392,210,30,7,5.882352828979492,weka.classifiers.functions.Logistic,-R 5.236460946154671E-11
748,softmax50,423,240,30,8,5.882352828979492,weka.classifiers.functions.Logistic,-R 5.236460946154671E-11
748,softmax50,453,270,30,9,5.882352828979492,weka.classifiers.functions.Logistic,-R 5.236460946154671E-11
748,softmax50,483,300,30,10,5.882352828979492,weka.classifiers.functions.Logistic,-R 5.236460946154671E-11
748,softmax50,513,330,30,11,5.882352828979492,weka.classifiers.functions.Logistic,-R 5.236460946154671E-11
748,softmax50,543,360,30,12,5.882352828979492,weka.classifiers.functions.Logistic,-R 5.236460946154671E-11
748,softmax50,573,390,30,13,5.882352828979492,weka.classifiers.functions.Logistic,-R 5.236460946154671E-11
748,softmax50,604,420,30,14,5.882352828979492,weka.classifiers.functions.Logistic,-R 5.236460946154671E-11
748,softmax50,634,450,30,15,5.882352828979492,weka.classifiers.functions.Logistic,-R 5.236460946154671E-11
748,softmax50,664,480,30,16,5.882352828979492,weka.classifiers.functions.Logistic,-R 5.236460946154671E-11
748,softmax50,694,510,30,17,5.882352828979492,weka.classifiers.functions.Logistic,-R 5.236460946154671E-11
748,softmax50,724,540,30,18,5.882352828979492,weka.classifiers.functions.Logistic,-R 5.236460946154671E-11
748,softmax50,755,570,30,19,5.882352828979492,weka.classifiers.functions.Logistic,-R 5.236460946154671E-11
748,softmax50,785,600,30,20,5.882352828979492,weka.classifiers.functions.Logistic,-R 5.236460946154671E-11
748,softmax50,815,630,30,21,5.882352828979492,weka.classifiers.functions.Logistic,-R 5.236460946154671E-11
748,softmax50,845,660,30,22,5.882352828979492,weka.classifiers.functions.Logistic,-R 5.236460946154671E-11
748,softmax50,875,690,30,23,5.882352828979492,weka.classifiers.functions.Logistic,-R 5.236460946154671E-11
748,softmax50,905,720,30,24,5.882352828979492,weka.classifiers.functions.Logistic,-R 5.236460946154671E-11
748,softmax50,936,750,30,25,5.882352828979492,weka.classifiers.functions.Logistic,-R 5.236460946154671E-11
748,softmax50,966,780,30,26,5.882352828979492,weka.classifiers.functions.Logistic,-R 5.236460946154671E-11
748,softmax50,996,810,30,27,5.882352828979492,weka.classifiers.functions.Logistic,-R 5.236460946154671E-11
