1035,softmax50,242,60,30,2,18.367347717285156,weka.classifiers.functions.Logistic,-R 0.03058989781229154
1035,softmax50,272,90,30,3,18.367347717285156,weka.classifiers.functions.Logistic,-R 0.03058989781229154
1035,softmax50,302,120,30,4,18.367347717285156,weka.classifiers.functions.Logistic,-R 0.03058989781229154
1035,softmax50,332,150,30,5,18.367347717285156,weka.classifiers.functions.Logistic,-R 0.03058989781229154
1035,softmax50,362,180,30,6,18.367347717285156,weka.classifiers.functions.Logistic,-R 0.03058989781229154
1035,softmax50,393,210,30,7,18.367347717285156,weka.classifiers.functions.Logistic,-R 0.03058989781229154
1035,softmax50,423,240,30,8,18.367347717285156,weka.classifiers.functions.Logistic,-R 0.03058989781229154
1035,softmax50,453,270,30,9,18.367347717285156,weka.classifiers.functions.Logistic,-R 0.03058989781229154
1035,softmax50,483,300,30,10,18.367347717285156,weka.classifiers.functions.Logistic,-R 0.03058989781229154
1035,softmax50,513,330,30,11,18.367347717285156,weka.classifiers.functions.Logistic,-R 0.03058989781229154
1035,softmax50,544,360,30,12,18.367347717285156,weka.classifiers.functions.Logistic,-R 0.03058989781229154
1035,softmax50,574,390,30,13,18.367347717285156,weka.classifiers.functions.Logistic,-R 0.03058989781229154
1035,softmax50,604,420,30,14,18.367347717285156,weka.classifiers.functions.Logistic,-R 0.03058989781229154
1035,softmax50,634,450,30,15,18.367347717285156,weka.classifiers.functions.Logistic,-R 0.03058989781229154
1035,softmax50,664,480,30,16,18.367347717285156,weka.classifiers.functions.Logistic,-R 0.03058989781229154
1035,softmax50,694,510,30,17,18.367347717285156,weka.classifiers.functions.Logistic,-R 0.03058989781229154
1035,softmax50,725,540,30,18,18.367347717285156,weka.classifiers.functions.Logistic,-R 0.03058989781229154
1035,softmax50,755,570,30,19,18.367347717285156,weka.classifiers.functions.Logistic,-R 0.03058989781229154
1035,softmax50,785,600,30,20,18.367347717285156,weka.classifiers.functions.Logistic,-R 0.03058989781229154
1035,softmax50,815,630,30,21,18.367347717285156,weka.classifiers.functions.Logistic,-R 0.03058989781229154
1035,softmax50,845,660,30,22,18.367347717285156,weka.classifiers.functions.Logistic,-R 0.03058989781229154
1035,softmax50,876,690,30,23,18.367347717285156,weka.classifiers.functions.Logistic,-R 0.03058989781229154
1035,softmax50,906,720,30,24,18.367347717285156,weka.classifiers.functions.Logistic,-R 0.03058989781229154
1035,softmax50,936,750,30,25,18.367347717285156,weka.classifiers.functions.Logistic,-R 0.03058989781229154
1035,softmax50,966,780,30,26,18.367347717285156,weka.classifiers.functions.Logistic,-R 0.03058989781229154
1035,softmax50,996,810,30,27,18.367347717285156,weka.classifiers.functions.Logistic,-R 0.03058989781229154
1035,softmax50,1026,840,30,28,18.367347717285156,weka.classifiers.functions.Logistic,-R 0.03058989781229154
1035,softmax50,1057,870,30,29,18.367347717285156,weka.classifiers.functions.Logistic,-R 0.03058989781229154
1035,softmax50,1087,900,30,30,18.367347717285156,weka.classifiers.functions.Logistic,-R 0.03058989781229154
1035,softmax50,1117,930,30,31,18.367347717285156,weka.classifiers.functions.Logistic,-R 0.03058989781229154
1035,softmax50,1147,960,30,32,18.367347717285156,weka.classifiers.functions.Logistic,-R 0.03058989781229154
1035,softmax50,1177,990,30,33,18.367347717285156,weka.classifiers.functions.Logistic,-R 0.03058989781229154
1035,softmax50,1207,1020,30,34,18.367347717285156,weka.classifiers.functions.Logistic,-R 0.03058989781229154
1035,softmax50,1238,1050,30,35,18.367347717285156,weka.classifiers.functions.Logistic,-R 0.03058989781229154
1035,softmax50,1268,1080,30,36,18.367347717285156,weka.classifiers.functions.Logistic,-R 0.03058989781229154
1035,softmax50,1298,1110,30,37,18.367347717285156,weka.classifiers.functions.Logistic,-R 0.03058989781229154
1035,softmax50,1328,1140,30,38,18.367347717285156,weka.classifiers.functions.Logistic,-R 0.03058989781229154
1035,softmax50,1358,1170,30,39,18.367347717285156,weka.classifiers.functions.Logistic,-R 0.03058989781229154
1035,softmax50,1389,1200,30,40,18.367347717285156,weka.classifiers.functions.Logistic,-R 0.03058989781229154
