450,softmax50,241,60,30,2,1.0989011526107788,weka.classifiers.functions.Logistic,-R 0.001212808614916214
450,softmax50,271,90,30,3,1.0989011526107788,weka.classifiers.functions.Logistic,-R 0.001212808614916214
450,softmax50,301,120,30,4,1.0989011526107788,weka.classifiers.functions.Logistic,-R 0.001212808614916214
450,softmax50,332,150,30,5,1.0989011526107788,weka.classifiers.functions.Logistic,-R 0.001212808614916214
450,softmax50,362,180,30,6,1.0989011526107788,weka.classifiers.functions.Logistic,-R 0.001212808614916214
450,softmax50,392,210,30,7,1.0989011526107788,weka.classifiers.functions.Logistic,-R 0.001212808614916214
450,softmax50,422,240,30,8,1.0989011526107788,weka.classifiers.functions.Logistic,-R 0.001212808614916214
450,softmax50,452,270,30,9,1.0989011526107788,weka.classifiers.functions.Logistic,-R 0.001212808614916214
450,softmax50,483,300,30,10,1.0989011526107788,weka.classifiers.functions.Logistic,-R 0.001212808614916214
450,softmax50,513,330,30,11,1.0989011526107788,weka.classifiers.functions.Logistic,-R 0.001212808614916214
450,softmax50,543,360,30,12,1.0989011526107788,weka.classifiers.functions.Logistic,-R 0.001212808614916214
450,softmax50,573,390,30,13,1.0989011526107788,weka.classifiers.functions.Logistic,-R 0.001212808614916214
450,softmax50,603,420,30,14,1.0989011526107788,weka.classifiers.functions.Logistic,-R 0.001212808614916214
450,softmax50,633,450,30,15,1.0989011526107788,weka.classifiers.functions.Logistic,-R 0.001212808614916214
450,softmax50,663,480,30,16,1.0989011526107788,weka.classifiers.functions.Logistic,-R 0.001212808614916214
450,softmax50,693,510,30,17,1.0989011526107788,weka.classifiers.functions.Logistic,-R 0.001212808614916214
