713,softmax50,242,60,30,2,6.666666507720947,weka.classifiers.functions.Logistic,-R 0.001212808614916214
713,softmax50,273,90,30,3,6.666666507720947,weka.classifiers.functions.Logistic,-R 0.001212808614916214
713,softmax50,303,120,30,4,6.666666507720947,weka.classifiers.functions.Logistic,-R 0.001212808614916214
713,softmax50,333,150,30,5,6.666666507720947,weka.classifiers.functions.Logistic,-R 0.001212808614916214
713,softmax50,363,180,30,6,6.666666507720947,weka.classifiers.functions.Logistic,-R 0.001212808614916214
713,softmax50,393,210,30,7,6.666666507720947,weka.classifiers.functions.Logistic,-R 0.001212808614916214
713,softmax50,424,240,30,8,6.666666507720947,weka.classifiers.functions.Logistic,-R 0.001212808614916214
713,softmax50,454,270,30,9,6.666666507720947,weka.classifiers.functions.Logistic,-R 0.001212808614916214
713,softmax50,484,300,30,10,6.666666507720947,weka.classifiers.functions.Logistic,-R 0.001212808614916214
713,softmax50,514,330,30,11,6.666666507720947,weka.classifiers.functions.Logistic,-R 0.001212808614916214
713,softmax50,544,360,30,12,6.666666507720947,weka.classifiers.functions.Logistic,-R 0.001212808614916214
713,softmax50,575,390,30,13,6.666666507720947,weka.classifiers.functions.Logistic,-R 0.001212808614916214
713,softmax50,605,420,30,14,6.666666507720947,weka.classifiers.functions.Logistic,-R 0.001212808614916214
713,softmax50,635,450,30,15,6.666666507720947,weka.classifiers.functions.Logistic,-R 0.001212808614916214
713,softmax50,665,480,30,16,6.666666507720947,weka.classifiers.functions.Logistic,-R 0.001212808614916214
713,softmax50,695,510,30,17,6.666666507720947,weka.classifiers.functions.Logistic,-R 0.001212808614916214
713,softmax50,726,540,30,18,6.666666507720947,weka.classifiers.functions.Logistic,-R 0.001212808614916214
713,softmax50,756,570,30,19,6.666666507720947,weka.classifiers.functions.Logistic,-R 0.001212808614916214
713,softmax50,786,600,30,20,6.666666507720947,weka.classifiers.functions.Logistic,-R 0.001212808614916214
713,softmax50,816,630,30,21,6.666666507720947,weka.classifiers.functions.Logistic,-R 0.001212808614916214
713,softmax50,846,660,30,22,6.666666507720947,weka.classifiers.functions.Logistic,-R 0.001212808614916214
713,softmax50,877,690,30,23,6.666666507720947,weka.classifiers.functions.Logistic,-R 0.001212808614916214
713,softmax50,907,720,30,24,6.666666507720947,weka.classifiers.functions.Logistic,-R 0.001212808614916214
713,softmax50,937,750,30,25,6.666666507720947,weka.classifiers.functions.Logistic,-R 0.001212808614916214
713,softmax50,967,780,30,26,6.666666507720947,weka.classifiers.functions.Logistic,-R 0.001212808614916214
713,softmax50,997,810,30,27,6.666666507720947,weka.classifiers.functions.Logistic,-R 0.001212808614916214
713,softmax50,1028,840,30,28,6.666666507720947,weka.classifiers.functions.Logistic,-R 0.001212808614916214
713,softmax50,1058,870,30,29,6.666666507720947,weka.classifiers.functions.Logistic,-R 0.001212808614916214
713,softmax50,1088,900,30,30,6.666666507720947,weka.classifiers.functions.Logistic,-R 0.001212808614916214
713,softmax50,1118,930,30,31,6.666666507720947,weka.classifiers.functions.Logistic,-R 0.001212808614916214
713,softmax50,1148,960,30,32,6.666666507720947,weka.classifiers.functions.Logistic,-R 0.001212808614916214
713,softmax50,1179,990,30,33,6.666666507720947,weka.classifiers.functions.Logistic,-R 0.001212808614916214
713,softmax50,1209,1020,30,34,6.666666507720947,weka.classifiers.functions.Logistic,-R 0.001212808614916214
713,softmax50,1239,1050,30,35,6.666666507720947,weka.classifiers.functions.Logistic,-R 0.001212808614916214
713,softmax50,1269,1080,30,36,6.666666507720947,weka.classifiers.functions.Logistic,-R 0.001212808614916214
713,softmax50,1299,1110,30,37,6.666666507720947,weka.classifiers.functions.Logistic,-R 0.001212808614916214
713,softmax50,1330,1140,30,38,6.666666507720947,weka.classifiers.functions.Logistic,-R 0.001212808614916214
713,softmax50,1360,1170,30,39,6.666666507720947,weka.classifiers.functions.Logistic,-R 0.001212808614916214
713,softmax50,1390,1200,30,40,6.666666507720947,weka.classifiers.functions.Logistic,-R 0.001212808614916214
