164,softmax50,241,60,30,2,4.848484992980957,weka.classifiers.functions.Logistic,-R 1.4848476066996498E-10
164,softmax50,272,90,30,3,4.848484992980957,weka.classifiers.functions.Logistic,-R 1.4848476066996498E-10
164,softmax50,302,120,30,4,4.848484992980957,weka.classifiers.functions.Logistic,-R 1.4848476066996498E-10
164,softmax50,332,150,30,5,4.848484992980957,weka.classifiers.functions.Logistic,-R 1.4848476066996498E-10
164,softmax50,362,180,30,6,4.848484992980957,weka.classifiers.functions.Logistic,-R 1.4848476066996498E-10
164,softmax50,392,210,30,7,4.848484992980957,weka.classifiers.functions.Logistic,-R 1.4848476066996498E-10
164,softmax50,422,240,30,8,4.848484992980957,weka.classifiers.functions.Logistic,-R 1.4848476066996498E-10
164,softmax50,453,270,30,9,4.848484992980957,weka.classifiers.functions.Logistic,-R 1.4848476066996498E-10
164,softmax50,483,300,30,10,4.848484992980957,weka.classifiers.functions.Logistic,-R 1.4848476066996498E-10
164,softmax50,513,330,30,11,4.848484992980957,weka.classifiers.functions.Logistic,-R 1.4848476066996498E-10
164,softmax50,543,360,30,12,4.848484992980957,weka.classifiers.functions.Logistic,-R 1.4848476066996498E-10
164,softmax50,573,390,30,13,4.848484992980957,weka.classifiers.functions.Logistic,-R 1.4848476066996498E-10
164,softmax50,603,420,30,14,4.848484992980957,weka.classifiers.functions.Logistic,-R 1.4848476066996498E-10
164,softmax50,634,450,30,15,4.848484992980957,weka.classifiers.functions.Logistic,-R 1.4848476066996498E-10
164,softmax50,664,480,30,16,4.848484992980957,weka.classifiers.functions.Logistic,-R 1.4848476066996498E-10
164,softmax50,694,510,30,17,4.848484992980957,weka.classifiers.functions.Logistic,-R 1.4848476066996498E-10
164,softmax50,724,540,30,18,4.848484992980957,weka.classifiers.functions.Logistic,-R 1.4848476066996498E-10
164,softmax50,754,570,30,19,4.848484992980957,weka.classifiers.functions.Logistic,-R 1.4848476066996498E-10
164,softmax50,784,600,30,20,4.848484992980957,weka.classifiers.functions.Logistic,-R 1.4848476066996498E-10
164,softmax50,815,630,30,21,4.848484992980957,weka.classifiers.functions.Logistic,-R 1.4848476066996498E-10
164,softmax50,845,660,30,22,4.848484992980957,weka.classifiers.functions.Logistic,-R 1.4848476066996498E-10
164,softmax50,875,690,30,23,4.848484992980957,weka.classifiers.functions.Logistic,-R 1.4848476066996498E-10
164,softmax50,905,720,30,24,4.848484992980957,weka.classifiers.functions.Logistic,-R 1.4848476066996498E-10
164,softmax50,935,750,30,25,4.848484992980957,weka.classifiers.functions.Logistic,-R 1.4848476066996498E-10
164,softmax50,965,780,30,26,4.848484992980957,weka.classifiers.functions.Logistic,-R 1.4848476066996498E-10
164,softmax50,996,810,30,27,4.848484992980957,weka.classifiers.functions.Logistic,-R 1.4848476066996498E-10
164,softmax50,1026,840,30,28,4.848484992980957,weka.classifiers.functions.Logistic,-R 1.4848476066996498E-10
164,softmax50,1056,870,30,29,4.848484992980957,weka.classifiers.functions.Logistic,-R 1.4848476066996498E-10
164,softmax50,1086,900,30,30,4.848484992980957,weka.classifiers.functions.Logistic,-R 1.4848476066996498E-10
164,softmax50,1116,930,30,31,4.848484992980957,weka.classifiers.functions.Logistic,-R 1.4848476066996498E-10
164,softmax50,1147,960,30,32,4.848484992980957,weka.classifiers.functions.Logistic,-R 1.4848476066996498E-10
164,softmax50,1177,990,30,33,4.848484992980957,weka.classifiers.functions.Logistic,-R 1.4848476066996498E-10
164,softmax50,1207,1020,30,34,4.848484992980957,weka.classifiers.functions.Logistic,-R 1.4848476066996498E-10
164,softmax50,1237,1050,30,35,4.848484992980957,weka.classifiers.functions.Logistic,-R 1.4848476066996498E-10
164,softmax50,1267,1080,30,36,4.848484992980957,weka.classifiers.functions.Logistic,-R 1.4848476066996498E-10
164,softmax50,1297,1110,30,37,4.848484992980957,weka.classifiers.functions.Logistic,-R 1.4848476066996498E-10
164,softmax50,1328,1140,30,38,4.848484992980957,weka.classifiers.functions.Logistic,-R 1.4848476066996498E-10
164,softmax50,1358,1170,30,39,4.848484992980957,weka.classifiers.functions.Logistic,-R 1.4848476066996498E-10
164,softmax50,1388,1200,30,40,4.848484992980957,weka.classifiers.functions.Logistic,-R 1.4848476066996498E-10
