1065,softmax50,241,60,30,2,6.5217390060424805,weka.classifiers.functions.Logistic,-R 2.407169320857391E-11
1065,softmax50,271,90,30,3,6.5217390060424805,weka.classifiers.functions.Logistic,-R 2.407169320857391E-11
1065,softmax50,301,120,30,4,6.5217390060424805,weka.classifiers.functions.Logistic,-R 2.407169320857391E-11
1065,softmax50,331,150,30,5,6.5217390060424805,weka.classifiers.functions.Logistic,-R 2.407169320857391E-11
1065,softmax50,362,180,30,6,6.5217390060424805,weka.classifiers.functions.Logistic,-R 2.407169320857391E-11
1065,softmax50,392,210,30,7,6.5217390060424805,weka.classifiers.functions.Logistic,-R 2.407169320857391E-11
1065,softmax50,422,240,30,8,6.5217390060424805,weka.classifiers.functions.Logistic,-R 2.407169320857391E-11
1065,softmax50,452,270,30,9,6.5217390060424805,weka.classifiers.functions.Logistic,-R 2.407169320857391E-11
1065,softmax50,482,300,30,10,6.5217390060424805,weka.classifiers.functions.Logistic,-R 2.407169320857391E-11
1065,softmax50,512,330,30,11,6.5217390060424805,weka.classifiers.functions.Logistic,-R 2.407169320857391E-11
1065,softmax50,542,360,30,12,6.5217390060424805,weka.classifiers.functions.Logistic,-R 2.407169320857391E-11
1065,softmax50,573,390,30,13,6.5217390060424805,weka.classifiers.functions.Logistic,-R 2.407169320857391E-11
1065,softmax50,603,420,30,14,6.5217390060424805,weka.classifiers.functions.Logistic,-R 2.407169320857391E-11
1065,softmax50,633,450,30,15,6.5217390060424805,weka.classifiers.functions.Logistic,-R 2.407169320857391E-11
1065,softmax50,663,480,30,16,6.5217390060424805,weka.classifiers.functions.Logistic,-R 2.407169320857391E-11
1065,softmax50,693,510,30,17,6.5217390060424805,weka.classifiers.functions.Logistic,-R 2.407169320857391E-11
1065,softmax50,723,540,30,18,6.5217390060424805,weka.classifiers.functions.Logistic,-R 2.407169320857391E-11
1065,softmax50,754,570,30,19,6.5217390060424805,weka.classifiers.functions.Logistic,-R 2.407169320857391E-11
1065,softmax50,784,600,30,20,6.5217390060424805,weka.classifiers.functions.Logistic,-R 2.407169320857391E-11
1065,softmax50,814,630,30,21,6.5217390060424805,weka.classifiers.functions.Logistic,-R 2.407169320857391E-11
1065,softmax50,844,660,30,22,6.5217390060424805,weka.classifiers.functions.Logistic,-R 2.407169320857391E-11
1065,softmax50,874,690,30,23,6.5217390060424805,weka.classifiers.functions.Logistic,-R 2.407169320857391E-11
1065,softmax50,904,720,30,24,6.5217390060424805,weka.classifiers.functions.Logistic,-R 2.407169320857391E-11
1065,softmax50,934,750,30,25,6.5217390060424805,weka.classifiers.functions.Logistic,-R 2.407169320857391E-11
1065,softmax50,965,780,30,26,6.5217390060424805,weka.classifiers.functions.Logistic,-R 2.407169320857391E-11
1065,softmax50,995,810,30,27,6.5217390060424805,weka.classifiers.functions.Logistic,-R 2.407169320857391E-11
