222,softmax50,242,60,30,2,7.692307472229004,weka.classifiers.functions.Logistic,-R 5.548907780036061E-10
222,softmax50,273,90,30,3,7.692307472229004,weka.classifiers.functions.Logistic,-R 5.548907780036061E-10
222,softmax50,303,120,30,4,7.692307472229004,weka.classifiers.functions.Logistic,-R 5.548907780036061E-10
222,softmax50,333,150,30,5,7.692307472229004,weka.classifiers.functions.Logistic,-R 5.548907780036061E-10
222,softmax50,363,180,30,6,7.692307472229004,weka.classifiers.functions.Logistic,-R 5.548907780036061E-10
222,softmax50,393,210,30,7,7.692307472229004,weka.classifiers.functions.Logistic,-R 5.548907780036061E-10
222,softmax50,424,240,30,8,7.692307472229004,weka.classifiers.functions.Logistic,-R 5.548907780036061E-10
222,softmax50,454,270,30,9,7.692307472229004,weka.classifiers.functions.Logistic,-R 5.548907780036061E-10
222,softmax50,484,300,30,10,7.692307472229004,weka.classifiers.functions.Logistic,-R 5.548907780036061E-10
222,softmax50,514,330,30,11,7.692307472229004,weka.classifiers.functions.Logistic,-R 5.548907780036061E-10
222,softmax50,544,360,30,12,7.692307472229004,weka.classifiers.functions.Logistic,-R 5.548907780036061E-10
222,softmax50,575,390,30,13,7.692307472229004,weka.classifiers.functions.Logistic,-R 5.548907780036061E-10
222,softmax50,605,420,30,14,7.692307472229004,weka.classifiers.functions.Logistic,-R 5.548907780036061E-10
222,softmax50,635,450,30,15,7.692307472229004,weka.classifiers.functions.Logistic,-R 5.548907780036061E-10
222,softmax50,665,480,30,16,7.692307472229004,weka.classifiers.functions.Logistic,-R 5.548907780036061E-10
222,softmax50,695,510,30,17,7.692307472229004,weka.classifiers.functions.Logistic,-R 5.548907780036061E-10
222,softmax50,726,540,30,18,7.692307472229004,weka.classifiers.functions.Logistic,-R 5.548907780036061E-10
222,softmax50,756,570,30,19,7.692307472229004,weka.classifiers.functions.Logistic,-R 5.548907780036061E-10
222,softmax50,786,600,30,20,7.692307472229004,weka.classifiers.functions.Logistic,-R 5.548907780036061E-10
222,softmax50,816,630,30,21,7.692307472229004,weka.classifiers.functions.Logistic,-R 5.548907780036061E-10
222,softmax50,847,660,30,22,7.692307472229004,weka.classifiers.functions.Logistic,-R 5.548907780036061E-10
222,softmax50,877,690,30,23,7.692307472229004,weka.classifiers.functions.Logistic,-R 5.548907780036061E-10
222,softmax50,907,720,30,24,7.692307472229004,weka.classifiers.functions.Logistic,-R 5.548907780036061E-10
222,softmax50,937,750,30,25,7.692307472229004,weka.classifiers.functions.Logistic,-R 5.548907780036061E-10
222,softmax50,967,780,30,26,7.692307472229004,weka.classifiers.functions.Logistic,-R 5.548907780036061E-10
222,softmax50,997,810,30,27,7.692307472229004,weka.classifiers.functions.Logistic,-R 5.548907780036061E-10
222,softmax50,1028,840,30,28,7.692307472229004,weka.classifiers.functions.Logistic,-R 5.548907780036061E-10
222,softmax50,1058,870,30,29,7.692307472229004,weka.classifiers.functions.Logistic,-R 5.548907780036061E-10
222,softmax50,1088,900,30,30,7.692307472229004,weka.classifiers.functions.Logistic,-R 5.548907780036061E-10
222,softmax50,1118,930,30,31,7.692307472229004,weka.classifiers.functions.Logistic,-R 5.548907780036061E-10
222,softmax50,1149,960,30,32,7.692307472229004,weka.classifiers.functions.Logistic,-R 5.548907780036061E-10
222,softmax50,1179,990,30,33,7.692307472229004,weka.classifiers.functions.Logistic,-R 5.548907780036061E-10
222,softmax50,1209,1020,30,34,7.692307472229004,weka.classifiers.functions.Logistic,-R 5.548907780036061E-10
222,softmax50,1239,1050,30,35,7.692307472229004,weka.classifiers.functions.Logistic,-R 5.548907780036061E-10
222,softmax50,1269,1080,30,36,7.692307472229004,weka.classifiers.functions.Logistic,-R 5.548907780036061E-10
222,softmax50,1300,1110,30,37,7.692307472229004,weka.classifiers.functions.Logistic,-R 5.548907780036061E-10
222,softmax50,1330,1140,30,38,7.692307472229004,weka.classifiers.functions.Logistic,-R 5.548907780036061E-10
222,softmax50,1360,1170,30,39,7.692307472229004,weka.classifiers.functions.Logistic,-R 5.548907780036061E-10
222,softmax50,1390,1200,30,40,7.692307472229004,weka.classifiers.functions.Logistic,-R 5.548907780036061E-10
