757,softmax50,243,60,30,2,7.5471696853637695,weka.classifiers.functions.Logistic,-R 0.001212808614916214
757,softmax50,274,90,30,3,7.5471696853637695,weka.classifiers.functions.Logistic,-R 0.001212808614916214
757,softmax50,304,120,30,4,7.5471696853637695,weka.classifiers.functions.Logistic,-R 0.001212808614916214
757,softmax50,334,150,30,5,7.5471696853637695,weka.classifiers.functions.Logistic,-R 0.001212808614916214
757,softmax50,364,180,30,6,7.5471696853637695,weka.classifiers.functions.Logistic,-R 0.001212808614916214
757,softmax50,395,210,30,7,7.5471696853637695,weka.classifiers.functions.Logistic,-R 0.001212808614916214
757,softmax50,425,240,30,8,7.5471696853637695,weka.classifiers.functions.Logistic,-R 0.001212808614916214
757,softmax50,455,270,30,9,7.5471696853637695,weka.classifiers.functions.Logistic,-R 0.001212808614916214
757,softmax50,485,300,30,10,7.5471696853637695,weka.classifiers.functions.Logistic,-R 0.001212808614916214
757,softmax50,515,330,30,11,7.5471696853637695,weka.classifiers.functions.Logistic,-R 0.001212808614916214
757,softmax50,545,360,30,12,7.5471696853637695,weka.classifiers.functions.Logistic,-R 0.001212808614916214
757,softmax50,576,390,30,13,7.5471696853637695,weka.classifiers.functions.Logistic,-R 0.001212808614916214
757,softmax50,606,420,30,14,7.5471696853637695,weka.classifiers.functions.Logistic,-R 0.001212808614916214
757,softmax50,636,450,30,15,7.5471696853637695,weka.classifiers.functions.Logistic,-R 0.001212808614916214
757,softmax50,666,480,30,16,7.5471696853637695,weka.classifiers.functions.Logistic,-R 0.001212808614916214
757,softmax50,697,510,30,17,7.5471696853637695,weka.classifiers.functions.Logistic,-R 0.001212808614916214
757,softmax50,727,540,30,18,7.5471696853637695,weka.classifiers.functions.Logistic,-R 0.001212808614916214
757,softmax50,757,570,30,19,7.5471696853637695,weka.classifiers.functions.Logistic,-R 0.001212808614916214
757,softmax50,787,600,30,20,7.5471696853637695,weka.classifiers.functions.Logistic,-R 0.001212808614916214
757,softmax50,817,630,30,21,7.5471696853637695,weka.classifiers.functions.Logistic,-R 0.001212808614916214
757,softmax50,847,660,30,22,7.5471696853637695,weka.classifiers.functions.Logistic,-R 0.001212808614916214
757,softmax50,878,690,30,23,7.5471696853637695,weka.classifiers.functions.Logistic,-R 0.001212808614916214
757,softmax50,908,720,30,24,7.5471696853637695,weka.classifiers.functions.Logistic,-R 0.001212808614916214
757,softmax50,938,750,30,25,7.5471696853637695,weka.classifiers.functions.Logistic,-R 0.001212808614916214
757,softmax50,968,780,30,26,7.5471696853637695,weka.classifiers.functions.Logistic,-R 0.001212808614916214
757,softmax50,999,810,30,27,7.5471696853637695,weka.classifiers.functions.Logistic,-R 0.001212808614916214
757,softmax50,1029,840,30,28,7.5471696853637695,weka.classifiers.functions.Logistic,-R 0.001212808614916214
757,softmax50,1059,870,30,29,7.5471696853637695,weka.classifiers.functions.Logistic,-R 0.001212808614916214
757,softmax50,1089,900,30,30,7.5471696853637695,weka.classifiers.functions.Logistic,-R 0.001212808614916214
757,softmax50,1119,930,30,31,7.5471696853637695,weka.classifiers.functions.Logistic,-R 0.001212808614916214
757,softmax50,1150,960,30,32,7.5471696853637695,weka.classifiers.functions.Logistic,-R 0.001212808614916214
757,softmax50,1180,990,30,33,7.5471696853637695,weka.classifiers.functions.Logistic,-R 0.001212808614916214
757,softmax50,1210,1020,30,34,7.5471696853637695,weka.classifiers.functions.Logistic,-R 0.001212808614916214
757,softmax50,1240,1050,30,35,7.5471696853637695,weka.classifiers.functions.Logistic,-R 0.001212808614916214
757,softmax50,1270,1080,30,36,7.5471696853637695,weka.classifiers.functions.Logistic,-R 0.001212808614916214
757,softmax50,1301,1110,30,37,7.5471696853637695,weka.classifiers.functions.Logistic,-R 0.001212808614916214
757,softmax50,1331,1140,30,38,7.5471696853637695,weka.classifiers.functions.Logistic,-R 0.001212808614916214
757,softmax50,1361,1170,30,39,7.5471696853637695,weka.classifiers.functions.Logistic,-R 0.001212808614916214
757,softmax50,1391,1200,30,40,7.5471696853637695,weka.classifiers.functions.Logistic,-R 0.001212808614916214
