183,softmax50,241,60,30,2,42.822967529296875,weka.classifiers.functions.Logistic,-R 5.236460946154671E-11
183,softmax50,271,90,30,3,42.822967529296875,weka.classifiers.functions.Logistic,-R 5.236460946154671E-11
183,softmax50,301,120,30,4,42.822967529296875,weka.classifiers.functions.Logistic,-R 5.236460946154671E-11
183,softmax50,331,150,30,5,42.822967529296875,weka.classifiers.functions.Logistic,-R 5.236460946154671E-11
183,softmax50,362,180,30,6,42.822967529296875,weka.classifiers.functions.Logistic,-R 5.236460946154671E-11
183,softmax50,392,210,30,7,42.822967529296875,weka.classifiers.functions.Logistic,-R 5.236460946154671E-11
183,softmax50,422,240,30,8,42.822967529296875,weka.classifiers.functions.Logistic,-R 5.236460946154671E-11
183,softmax50,452,270,30,9,42.822967529296875,weka.classifiers.functions.Logistic,-R 5.236460946154671E-11
183,softmax50,482,300,30,10,42.822967529296875,weka.classifiers.functions.Logistic,-R 5.236460946154671E-11
183,softmax50,512,330,30,11,42.822967529296875,weka.classifiers.functions.Logistic,-R 5.236460946154671E-11
183,softmax50,542,360,30,12,42.822967529296875,weka.classifiers.functions.Logistic,-R 5.236460946154671E-11
183,softmax50,573,390,30,13,42.822967529296875,weka.classifiers.functions.Logistic,-R 5.236460946154671E-11
183,softmax50,603,420,30,14,42.822967529296875,weka.classifiers.functions.Logistic,-R 5.236460946154671E-11
183,softmax50,633,450,30,15,42.822967529296875,weka.classifiers.functions.Logistic,-R 5.236460946154671E-11
183,softmax50,663,480,30,16,42.822967529296875,weka.classifiers.functions.Logistic,-R 5.236460946154671E-11
183,softmax50,693,510,30,17,42.822967529296875,weka.classifiers.functions.Logistic,-R 5.236460946154671E-11
183,softmax50,723,540,30,18,42.822967529296875,weka.classifiers.functions.Logistic,-R 5.236460946154671E-11
183,softmax50,753,570,30,19,42.822967529296875,weka.classifiers.functions.Logistic,-R 5.236460946154671E-11
183,softmax50,784,600,30,20,42.822967529296875,weka.classifiers.functions.Logistic,-R 5.236460946154671E-11
183,softmax50,814,630,30,21,42.822967529296875,weka.classifiers.functions.Logistic,-R 5.236460946154671E-11
183,softmax50,844,660,30,22,42.822967529296875,weka.classifiers.functions.Logistic,-R 5.236460946154671E-11
183,softmax50,874,690,30,23,42.822967529296875,weka.classifiers.functions.Logistic,-R 5.236460946154671E-11
183,softmax50,904,720,30,24,42.822967529296875,weka.classifiers.functions.Logistic,-R 5.236460946154671E-11
183,softmax50,934,750,30,25,42.822967529296875,weka.classifiers.functions.Logistic,-R 5.236460946154671E-11
183,softmax50,964,780,30,26,42.822967529296875,weka.classifiers.functions.Logistic,-R 5.236460946154671E-11
183,softmax50,995,810,30,27,42.822967529296875,weka.classifiers.functions.Logistic,-R 5.236460946154671E-11
183,softmax50,1025,840,30,28,42.822967529296875,weka.classifiers.functions.Logistic,-R 5.236460946154671E-11
183,softmax50,1055,870,30,29,42.822967529296875,weka.classifiers.functions.Logistic,-R 5.236460946154671E-11
183,softmax50,1085,900,30,30,42.822967529296875,weka.classifiers.functions.Logistic,-R 5.236460946154671E-11
183,softmax50,1115,930,30,31,42.822967529296875,weka.classifiers.functions.Logistic,-R 5.236460946154671E-11
183,softmax50,1146,960,30,32,42.822967529296875,weka.classifiers.functions.Logistic,-R 5.236460946154671E-11
183,softmax50,1176,990,30,33,42.822967529296875,weka.classifiers.functions.Logistic,-R 5.236460946154671E-11
183,softmax50,1206,1020,30,34,42.822967529296875,weka.classifiers.functions.Logistic,-R 5.236460946154671E-11
183,softmax50,1236,1050,30,35,42.822967529296875,weka.classifiers.functions.Logistic,-R 5.236460946154671E-11
183,softmax50,1266,1080,30,36,42.822967529296875,weka.classifiers.functions.Logistic,-R 5.236460946154671E-11
183,softmax50,1296,1110,30,37,42.822967529296875,weka.classifiers.functions.Logistic,-R 5.236460946154671E-11
183,softmax50,1326,1140,30,38,42.822967529296875,weka.classifiers.functions.Logistic,-R 5.236460946154671E-11
183,softmax50,1357,1170,30,39,42.822967529296875,weka.classifiers.functions.Logistic,-R 5.236460946154671E-11
183,softmax50,1387,1200,30,40,42.822967529296875,weka.classifiers.functions.Logistic,-R 5.236460946154671E-11
