1565,softmax50,241,60,30,2,24.13793182373047,weka.classifiers.functions.Logistic,-R 1.4848476066996498E-10
1565,softmax50,271,90,30,3,24.13793182373047,weka.classifiers.functions.Logistic,-R 1.4848476066996498E-10
1565,softmax50,301,120,30,4,24.13793182373047,weka.classifiers.functions.Logistic,-R 1.4848476066996498E-10
1565,softmax50,331,150,30,5,24.13793182373047,weka.classifiers.functions.Logistic,-R 1.4848476066996498E-10
1565,softmax50,361,180,30,6,24.13793182373047,weka.classifiers.functions.Logistic,-R 1.4848476066996498E-10
1565,softmax50,391,210,30,7,24.13793182373047,weka.classifiers.functions.Logistic,-R 1.4848476066996498E-10
1565,softmax50,421,240,30,8,24.13793182373047,weka.classifiers.functions.Logistic,-R 1.4848476066996498E-10
1565,softmax50,452,270,30,9,24.13793182373047,weka.classifiers.functions.Logistic,-R 1.4848476066996498E-10
1565,softmax50,482,300,30,10,24.13793182373047,weka.classifiers.functions.Logistic,-R 1.4848476066996498E-10
1565,softmax50,512,330,30,11,24.13793182373047,weka.classifiers.functions.Logistic,-R 1.4848476066996498E-10
1565,softmax50,542,360,30,12,24.13793182373047,weka.classifiers.functions.Logistic,-R 1.4848476066996498E-10
1565,softmax50,572,390,30,13,24.13793182373047,weka.classifiers.functions.Logistic,-R 1.4848476066996498E-10
1565,softmax50,602,420,30,14,24.13793182373047,weka.classifiers.functions.Logistic,-R 1.4848476066996498E-10
1565,softmax50,632,450,30,15,24.13793182373047,weka.classifiers.functions.Logistic,-R 1.4848476066996498E-10
1565,softmax50,662,480,30,16,24.13793182373047,weka.classifiers.functions.Logistic,-R 1.4848476066996498E-10
1565,softmax50,693,510,30,17,24.13793182373047,weka.classifiers.functions.Logistic,-R 1.4848476066996498E-10
1565,softmax50,723,540,30,18,24.13793182373047,weka.classifiers.functions.Logistic,-R 1.4848476066996498E-10
1565,softmax50,753,570,30,19,24.13793182373047,weka.classifiers.functions.Logistic,-R 1.4848476066996498E-10
1565,softmax50,783,600,30,20,24.13793182373047,weka.classifiers.functions.Logistic,-R 1.4848476066996498E-10
1565,softmax50,813,630,30,21,24.13793182373047,weka.classifiers.functions.Logistic,-R 1.4848476066996498E-10
1565,softmax50,843,660,30,22,24.13793182373047,weka.classifiers.functions.Logistic,-R 1.4848476066996498E-10
1565,softmax50,873,690,30,23,24.13793182373047,weka.classifiers.functions.Logistic,-R 1.4848476066996498E-10
1565,softmax50,903,720,30,24,24.13793182373047,weka.classifiers.functions.Logistic,-R 1.4848476066996498E-10
1565,softmax50,934,750,30,25,24.13793182373047,weka.classifiers.functions.Logistic,-R 1.4848476066996498E-10
1565,softmax50,964,780,30,26,24.13793182373047,weka.classifiers.functions.Logistic,-R 1.4848476066996498E-10
1565,softmax50,994,810,30,27,24.13793182373047,weka.classifiers.functions.Logistic,-R 1.4848476066996498E-10
1565,softmax50,1024,840,30,28,24.13793182373047,weka.classifiers.functions.Logistic,-R 1.4848476066996498E-10
1565,softmax50,1054,870,30,29,24.13793182373047,weka.classifiers.functions.Logistic,-R 1.4848476066996498E-10
1565,softmax50,1084,900,30,30,24.13793182373047,weka.classifiers.functions.Logistic,-R 1.4848476066996498E-10
1565,softmax50,1114,930,30,31,24.13793182373047,weka.classifiers.functions.Logistic,-R 1.4848476066996498E-10
1565,softmax50,1144,960,30,32,24.13793182373047,weka.classifiers.functions.Logistic,-R 1.4848476066996498E-10
1565,softmax50,1175,990,30,33,24.13793182373047,weka.classifiers.functions.Logistic,-R 1.4848476066996498E-10
1565,softmax50,1205,1020,30,34,24.13793182373047,weka.classifiers.functions.Logistic,-R 1.4848476066996498E-10
1565,softmax50,1235,1050,30,35,24.13793182373047,weka.classifiers.functions.Logistic,-R 1.4848476066996498E-10
1565,softmax50,1265,1080,30,36,24.13793182373047,weka.classifiers.functions.Logistic,-R 1.4848476066996498E-10
1565,softmax50,1295,1110,30,37,24.13793182373047,weka.classifiers.functions.Logistic,-R 1.4848476066996498E-10
1565,softmax50,1325,1140,30,38,24.13793182373047,weka.classifiers.functions.Logistic,-R 1.4848476066996498E-10
1565,softmax50,1355,1170,30,39,24.13793182373047,weka.classifiers.functions.Logistic,-R 1.4848476066996498E-10
1565,softmax50,1385,1200,30,40,24.13793182373047,weka.classifiers.functions.Logistic,-R 1.4848476066996498E-10
