703,softmax50,241,60,30,2,55.769229888916016,weka.classifiers.functions.Logistic,-R 4.7605820943826115E-7
703,softmax50,271,90,30,3,55.769229888916016,weka.classifiers.functions.Logistic,-R 4.7605820943826115E-7
703,softmax50,301,120,30,4,55.769229888916016,weka.classifiers.functions.Logistic,-R 4.7605820943826115E-7
703,softmax50,332,150,30,5,55.769229888916016,weka.classifiers.functions.Logistic,-R 4.7605820943826115E-7
703,softmax50,362,180,30,6,55.769229888916016,weka.classifiers.functions.Logistic,-R 4.7605820943826115E-7
703,softmax50,392,210,30,7,55.769229888916016,weka.classifiers.functions.Logistic,-R 4.7605820943826115E-7
703,softmax50,422,240,30,8,55.769229888916016,weka.classifiers.functions.Logistic,-R 4.7605820943826115E-7
703,softmax50,453,270,30,9,55.769229888916016,weka.classifiers.functions.Logistic,-R 4.7605820943826115E-7
703,softmax50,483,300,30,10,55.769229888916016,weka.classifiers.functions.Logistic,-R 4.7605820943826115E-7
703,softmax50,513,330,30,11,55.769229888916016,weka.classifiers.functions.Logistic,-R 4.7605820943826115E-7
703,softmax50,543,360,30,12,55.769229888916016,weka.classifiers.functions.Logistic,-R 4.7605820943826115E-7
703,softmax50,573,390,30,13,55.769229888916016,weka.classifiers.functions.Logistic,-R 4.7605820943826115E-7
703,softmax50,604,420,30,14,55.769229888916016,weka.classifiers.functions.Logistic,-R 4.7605820943826115E-7
703,softmax50,634,450,30,15,55.769229888916016,weka.classifiers.functions.Logistic,-R 4.7605820943826115E-7
703,softmax50,664,480,30,16,55.769229888916016,weka.classifiers.functions.Logistic,-R 4.7605820943826115E-7
703,softmax50,694,510,30,17,55.769229888916016,weka.classifiers.functions.Logistic,-R 4.7605820943826115E-7
703,softmax50,724,540,30,18,55.769229888916016,weka.classifiers.functions.Logistic,-R 4.7605820943826115E-7
703,softmax50,755,570,30,19,55.769229888916016,weka.classifiers.functions.Logistic,-R 4.7605820943826115E-7
703,softmax50,785,600,30,20,55.769229888916016,weka.classifiers.functions.Logistic,-R 4.7605820943826115E-7
703,softmax50,815,630,30,21,55.769229888916016,weka.classifiers.functions.Logistic,-R 4.7605820943826115E-7
703,softmax50,845,660,30,22,55.769229888916016,weka.classifiers.functions.Logistic,-R 4.7605820943826115E-7
703,softmax50,875,690,30,23,55.769229888916016,weka.classifiers.functions.Logistic,-R 4.7605820943826115E-7
703,softmax50,905,720,30,24,55.769229888916016,weka.classifiers.functions.Logistic,-R 4.7605820943826115E-7
703,softmax50,936,750,30,25,55.769229888916016,weka.classifiers.functions.Logistic,-R 4.7605820943826115E-7
703,softmax50,966,780,30,26,55.769229888916016,weka.classifiers.functions.Logistic,-R 4.7605820943826115E-7
703,softmax50,996,810,30,27,55.769229888916016,weka.classifiers.functions.Logistic,-R 4.7605820943826115E-7
703,softmax50,1026,840,30,28,55.769229888916016,weka.classifiers.functions.Logistic,-R 4.7605820943826115E-7
703,softmax50,1056,870,30,29,55.769229888916016,weka.classifiers.functions.Logistic,-R 4.7605820943826115E-7
703,softmax50,1086,900,30,30,55.769229888916016,weka.classifiers.functions.Logistic,-R 4.7605820943826115E-7
703,softmax50,1117,930,30,31,55.769229888916016,weka.classifiers.functions.Logistic,-R 4.7605820943826115E-7
703,softmax50,1147,960,30,32,55.769229888916016,weka.classifiers.functions.Logistic,-R 4.7605820943826115E-7
703,softmax50,1177,990,30,33,55.769229888916016,weka.classifiers.functions.Logistic,-R 4.7605820943826115E-7
703,softmax50,1207,1020,30,34,55.769229888916016,weka.classifiers.functions.Logistic,-R 4.7605820943826115E-7
703,softmax50,1238,1050,30,35,55.769229888916016,weka.classifiers.functions.Logistic,-R 4.7605820943826115E-7
703,softmax50,1268,1080,30,36,55.769229888916016,weka.classifiers.functions.Logistic,-R 4.7605820943826115E-7
703,softmax50,1298,1110,30,37,55.769229888916016,weka.classifiers.functions.Logistic,-R 4.7605820943826115E-7
703,softmax50,1328,1140,30,38,55.769229888916016,weka.classifiers.functions.Logistic,-R 4.7605820943826115E-7
703,softmax50,1358,1170,30,39,55.769229888916016,weka.classifiers.functions.Logistic,-R 4.7605820943826115E-7
703,softmax50,1388,1200,30,40,55.769229888916016,weka.classifiers.functions.Logistic,-R 4.7605820943826115E-7
