1513,softmax50,241,60,30,2,46.153846740722656,weka.classifiers.functions.Logistic,-R 7.265022583501099E-9
1513,softmax50,271,90,30,3,46.153846740722656,weka.classifiers.functions.Logistic,-R 7.265022583501099E-9
1513,softmax50,301,120,30,4,46.153846740722656,weka.classifiers.functions.Logistic,-R 7.265022583501099E-9
1513,softmax50,331,150,30,5,46.153846740722656,weka.classifiers.functions.Logistic,-R 7.265022583501099E-9
1513,softmax50,362,180,30,6,46.153846740722656,weka.classifiers.functions.Logistic,-R 7.265022583501099E-9
1513,softmax50,392,210,30,7,46.153846740722656,weka.classifiers.functions.Logistic,-R 7.265022583501099E-9
1513,softmax50,422,240,30,8,46.153846740722656,weka.classifiers.functions.Logistic,-R 7.265022583501099E-9
1513,softmax50,452,270,30,9,46.153846740722656,weka.classifiers.functions.Logistic,-R 7.265022583501099E-9
1513,softmax50,482,300,30,10,46.153846740722656,weka.classifiers.functions.Logistic,-R 7.265022583501099E-9
1513,softmax50,512,330,30,11,46.153846740722656,weka.classifiers.functions.Logistic,-R 7.265022583501099E-9
1513,softmax50,542,360,30,12,46.153846740722656,weka.classifiers.functions.Logistic,-R 7.265022583501099E-9
1513,softmax50,573,390,30,13,46.153846740722656,weka.classifiers.functions.Logistic,-R 7.265022583501099E-9
1513,softmax50,603,420,30,14,46.153846740722656,weka.classifiers.functions.Logistic,-R 7.265022583501099E-9
1513,softmax50,633,450,30,15,46.153846740722656,weka.classifiers.functions.Logistic,-R 7.265022583501099E-9
1513,softmax50,663,480,30,16,46.153846740722656,weka.classifiers.functions.Logistic,-R 7.265022583501099E-9
1513,softmax50,693,510,30,17,46.153846740722656,weka.classifiers.functions.Logistic,-R 7.265022583501099E-9
1513,softmax50,723,540,30,18,46.153846740722656,weka.classifiers.functions.Logistic,-R 7.265022583501099E-9
1513,softmax50,753,570,30,19,46.153846740722656,weka.classifiers.functions.Logistic,-R 7.265022583501099E-9
1513,softmax50,784,600,30,20,46.153846740722656,weka.classifiers.functions.Logistic,-R 7.265022583501099E-9
1513,softmax50,814,630,30,21,46.153846740722656,weka.classifiers.functions.Logistic,-R 7.265022583501099E-9
1513,softmax50,844,660,30,22,46.153846740722656,weka.classifiers.functions.Logistic,-R 7.265022583501099E-9
1513,softmax50,874,690,30,23,46.153846740722656,weka.classifiers.functions.Logistic,-R 7.265022583501099E-9
1513,softmax50,904,720,30,24,46.153846740722656,weka.classifiers.functions.Logistic,-R 7.265022583501099E-9
1513,softmax50,934,750,30,25,46.153846740722656,weka.classifiers.functions.Logistic,-R 7.265022583501099E-9
1513,softmax50,964,780,30,26,46.153846740722656,weka.classifiers.functions.Logistic,-R 7.265022583501099E-9
1513,softmax50,995,810,30,27,46.153846740722656,weka.classifiers.functions.Logistic,-R 7.265022583501099E-9
1513,softmax50,1025,840,30,28,46.153846740722656,weka.classifiers.functions.Logistic,-R 7.265022583501099E-9
1513,softmax50,1055,870,30,29,46.153846740722656,weka.classifiers.functions.Logistic,-R 7.265022583501099E-9
1513,softmax50,1085,900,30,30,46.153846740722656,weka.classifiers.functions.Logistic,-R 7.265022583501099E-9
1513,softmax50,1115,930,30,31,46.153846740722656,weka.classifiers.functions.Logistic,-R 7.265022583501099E-9
1513,softmax50,1145,960,30,32,46.153846740722656,weka.classifiers.functions.Logistic,-R 7.265022583501099E-9
1513,softmax50,1176,990,30,33,46.153846740722656,weka.classifiers.functions.Logistic,-R 7.265022583501099E-9
1513,softmax50,1206,1020,30,34,46.153846740722656,weka.classifiers.functions.Logistic,-R 7.265022583501099E-9
1513,softmax50,1236,1050,30,35,46.153846740722656,weka.classifiers.functions.Logistic,-R 7.265022583501099E-9
1513,softmax50,1266,1080,30,36,46.153846740722656,weka.classifiers.functions.Logistic,-R 7.265022583501099E-9
1513,softmax50,1296,1110,30,37,46.153846740722656,weka.classifiers.functions.Logistic,-R 7.265022583501099E-9
1513,softmax50,1326,1140,30,38,46.153846740722656,weka.classifiers.functions.Logistic,-R 7.265022583501099E-9
1513,softmax50,1356,1170,30,39,46.153846740722656,weka.classifiers.functions.Logistic,-R 7.265022583501099E-9
1513,softmax50,1387,1200,30,40,46.153846740722656,weka.classifiers.functions.Logistic,-R 7.265022583501099E-9
