200,softmax50,241,60,30,2,51.19047546386719,weka.classifiers.functions.Logistic,-R 7.265022583501099E-9
200,softmax50,271,90,30,3,51.19047546386719,weka.classifiers.functions.Logistic,-R 7.265022583501099E-9
200,softmax50,302,120,30,4,51.19047546386719,weka.classifiers.functions.Logistic,-R 7.265022583501099E-9
200,softmax50,332,150,30,5,51.19047546386719,weka.classifiers.functions.Logistic,-R 7.265022583501099E-9
200,softmax50,362,180,30,6,51.19047546386719,weka.classifiers.functions.Logistic,-R 7.265022583501099E-9
200,softmax50,392,210,30,7,51.19047546386719,weka.classifiers.functions.Logistic,-R 7.265022583501099E-9
200,softmax50,422,240,30,8,51.19047546386719,weka.classifiers.functions.Logistic,-R 7.265022583501099E-9
200,softmax50,453,270,30,9,51.19047546386719,weka.classifiers.functions.Logistic,-R 7.265022583501099E-9
200,softmax50,483,300,30,10,51.19047546386719,weka.classifiers.functions.Logistic,-R 7.265022583501099E-9
200,softmax50,513,330,30,11,51.19047546386719,weka.classifiers.functions.Logistic,-R 7.265022583501099E-9
200,softmax50,543,360,30,12,51.19047546386719,weka.classifiers.functions.Logistic,-R 7.265022583501099E-9
200,softmax50,573,390,30,13,51.19047546386719,weka.classifiers.functions.Logistic,-R 7.265022583501099E-9
200,softmax50,603,420,30,14,51.19047546386719,weka.classifiers.functions.Logistic,-R 7.265022583501099E-9
200,softmax50,634,450,30,15,51.19047546386719,weka.classifiers.functions.Logistic,-R 7.265022583501099E-9
200,softmax50,664,480,30,16,51.19047546386719,weka.classifiers.functions.Logistic,-R 7.265022583501099E-9
200,softmax50,694,510,30,17,51.19047546386719,weka.classifiers.functions.Logistic,-R 7.265022583501099E-9
200,softmax50,724,540,30,18,51.19047546386719,weka.classifiers.functions.Logistic,-R 7.265022583501099E-9
200,softmax50,754,570,30,19,51.19047546386719,weka.classifiers.functions.Logistic,-R 7.265022583501099E-9
200,softmax50,784,600,30,20,51.19047546386719,weka.classifiers.functions.Logistic,-R 7.265022583501099E-9
200,softmax50,815,630,30,21,51.19047546386719,weka.classifiers.functions.Logistic,-R 7.265022583501099E-9
200,softmax50,845,660,30,22,51.19047546386719,weka.classifiers.functions.Logistic,-R 7.265022583501099E-9
200,softmax50,875,690,30,23,51.19047546386719,weka.classifiers.functions.Logistic,-R 7.265022583501099E-9
200,softmax50,905,720,30,24,51.19047546386719,weka.classifiers.functions.Logistic,-R 7.265022583501099E-9
200,softmax50,935,750,30,25,51.19047546386719,weka.classifiers.functions.Logistic,-R 7.265022583501099E-9
200,softmax50,965,780,30,26,51.19047546386719,weka.classifiers.functions.Logistic,-R 7.265022583501099E-9
200,softmax50,996,810,30,27,51.19047546386719,weka.classifiers.functions.Logistic,-R 7.265022583501099E-9
200,softmax50,1026,840,30,28,51.19047546386719,weka.classifiers.functions.Logistic,-R 7.265022583501099E-9
200,softmax50,1056,870,30,29,51.19047546386719,weka.classifiers.functions.Logistic,-R 7.265022583501099E-9
200,softmax50,1086,900,30,30,51.19047546386719,weka.classifiers.functions.Logistic,-R 7.265022583501099E-9
200,softmax50,1116,930,30,31,51.19047546386719,weka.classifiers.functions.Logistic,-R 7.265022583501099E-9
200,softmax50,1146,960,30,32,51.19047546386719,weka.classifiers.functions.Logistic,-R 7.265022583501099E-9
200,softmax50,1176,990,30,33,51.19047546386719,weka.classifiers.functions.Logistic,-R 7.265022583501099E-9
200,softmax50,1207,1020,30,34,51.19047546386719,weka.classifiers.functions.Logistic,-R 7.265022583501099E-9
200,softmax50,1237,1050,30,35,51.19047546386719,weka.classifiers.functions.Logistic,-R 7.265022583501099E-9
200,softmax50,1267,1080,30,36,51.19047546386719,weka.classifiers.functions.Logistic,-R 7.265022583501099E-9
200,softmax50,1297,1110,30,37,51.19047546386719,weka.classifiers.functions.Logistic,-R 7.265022583501099E-9
200,softmax50,1327,1140,30,38,51.19047546386719,weka.classifiers.functions.Logistic,-R 7.265022583501099E-9
200,softmax50,1358,1170,30,39,51.19047546386719,weka.classifiers.functions.Logistic,-R 7.265022583501099E-9
200,softmax50,1388,1200,30,40,51.19047546386719,weka.classifiers.functions.Logistic,-R 7.265022583501099E-9
