183,softmax50,241,60,30,2,41.1483268737793,weka.classifiers.functions.Logistic,-R 2.407169320857391E-11
183,softmax50,271,90,30,3,41.1483268737793,weka.classifiers.functions.Logistic,-R 2.407169320857391E-11
183,softmax50,302,120,30,4,41.1483268737793,weka.classifiers.functions.Logistic,-R 2.407169320857391E-11
183,softmax50,332,150,30,5,41.1483268737793,weka.classifiers.functions.Logistic,-R 2.407169320857391E-11
183,softmax50,362,180,30,6,41.1483268737793,weka.classifiers.functions.Logistic,-R 2.407169320857391E-11
183,softmax50,392,210,30,7,41.1483268737793,weka.classifiers.functions.Logistic,-R 2.407169320857391E-11
183,softmax50,422,240,30,8,41.1483268737793,weka.classifiers.functions.Logistic,-R 2.407169320857391E-11
183,softmax50,452,270,30,9,41.1483268737793,weka.classifiers.functions.Logistic,-R 2.407169320857391E-11
183,softmax50,482,300,30,10,41.1483268737793,weka.classifiers.functions.Logistic,-R 2.407169320857391E-11
183,softmax50,513,330,30,11,41.1483268737793,weka.classifiers.functions.Logistic,-R 2.407169320857391E-11
183,softmax50,543,360,30,12,41.1483268737793,weka.classifiers.functions.Logistic,-R 2.407169320857391E-11
183,softmax50,573,390,30,13,41.1483268737793,weka.classifiers.functions.Logistic,-R 2.407169320857391E-11
183,softmax50,603,420,30,14,41.1483268737793,weka.classifiers.functions.Logistic,-R 2.407169320857391E-11
183,softmax50,633,450,30,15,41.1483268737793,weka.classifiers.functions.Logistic,-R 2.407169320857391E-11
183,softmax50,664,480,30,16,41.1483268737793,weka.classifiers.functions.Logistic,-R 2.407169320857391E-11
183,softmax50,694,510,30,17,41.1483268737793,weka.classifiers.functions.Logistic,-R 2.407169320857391E-11
183,softmax50,724,540,30,18,41.1483268737793,weka.classifiers.functions.Logistic,-R 2.407169320857391E-11
183,softmax50,754,570,30,19,41.1483268737793,weka.classifiers.functions.Logistic,-R 2.407169320857391E-11
183,softmax50,784,600,30,20,41.1483268737793,weka.classifiers.functions.Logistic,-R 2.407169320857391E-11
183,softmax50,814,630,30,21,41.1483268737793,weka.classifiers.functions.Logistic,-R 2.407169320857391E-11
183,softmax50,844,660,30,22,41.1483268737793,weka.classifiers.functions.Logistic,-R 2.407169320857391E-11
183,softmax50,875,690,30,23,41.1483268737793,weka.classifiers.functions.Logistic,-R 2.407169320857391E-11
183,softmax50,905,720,30,24,41.1483268737793,weka.classifiers.functions.Logistic,-R 2.407169320857391E-11
183,softmax50,935,750,30,25,41.1483268737793,weka.classifiers.functions.Logistic,-R 2.407169320857391E-11
183,softmax50,965,780,30,26,41.1483268737793,weka.classifiers.functions.Logistic,-R 2.407169320857391E-11
183,softmax50,995,810,30,27,41.1483268737793,weka.classifiers.functions.Logistic,-R 2.407169320857391E-11
183,softmax50,1026,840,30,28,41.1483268737793,weka.classifiers.functions.Logistic,-R 2.407169320857391E-11
183,softmax50,1056,870,30,29,41.1483268737793,weka.classifiers.functions.Logistic,-R 2.407169320857391E-11
183,softmax50,1086,900,30,30,41.1483268737793,weka.classifiers.functions.Logistic,-R 2.407169320857391E-11
183,softmax50,1116,930,30,31,41.1483268737793,weka.classifiers.functions.Logistic,-R 2.407169320857391E-11
183,softmax50,1146,960,30,32,41.1483268737793,weka.classifiers.functions.Logistic,-R 2.407169320857391E-11
183,softmax50,1176,990,30,33,41.1483268737793,weka.classifiers.functions.Logistic,-R 2.407169320857391E-11
183,softmax50,1207,1020,30,34,41.1483268737793,weka.classifiers.functions.Logistic,-R 2.407169320857391E-11
183,softmax50,1237,1050,30,35,41.1483268737793,weka.classifiers.functions.Logistic,-R 2.407169320857391E-11
183,softmax50,1267,1080,30,36,41.1483268737793,weka.classifiers.functions.Logistic,-R 2.407169320857391E-11
183,softmax50,1297,1110,30,37,41.1483268737793,weka.classifiers.functions.Logistic,-R 2.407169320857391E-11
183,softmax50,1327,1140,30,38,41.1483268737793,weka.classifiers.functions.Logistic,-R 2.407169320857391E-11
183,softmax50,1357,1170,30,39,41.1483268737793,weka.classifiers.functions.Logistic,-R 2.407169320857391E-11
183,softmax50,1388,1200,30,40,41.1483268737793,weka.classifiers.functions.Logistic,-R 2.407169320857391E-11
