551,softmax50,241,60,30,2,54.54545593261719,weka.classifiers.functions.Logistic,-R 3.506570472247206E-8
551,softmax50,271,90,30,3,54.54545593261719,weka.classifiers.functions.Logistic,-R 3.506570472247206E-8
551,softmax50,301,120,30,4,54.54545593261719,weka.classifiers.functions.Logistic,-R 3.506570472247206E-8
551,softmax50,332,150,30,5,54.54545593261719,weka.classifiers.functions.Logistic,-R 3.506570472247206E-8
551,softmax50,362,180,30,6,54.54545593261719,weka.classifiers.functions.Logistic,-R 3.506570472247206E-8
551,softmax50,392,210,30,7,54.54545593261719,weka.classifiers.functions.Logistic,-R 3.506570472247206E-8
551,softmax50,422,240,30,8,54.54545593261719,weka.classifiers.functions.Logistic,-R 3.506570472247206E-8
551,softmax50,452,270,30,9,54.54545593261719,weka.classifiers.functions.Logistic,-R 3.506570472247206E-8
551,softmax50,482,300,30,10,54.54545593261719,weka.classifiers.functions.Logistic,-R 3.506570472247206E-8
551,softmax50,513,330,30,11,54.54545593261719,weka.classifiers.functions.Logistic,-R 3.506570472247206E-8
551,softmax50,543,360,30,12,54.54545593261719,weka.classifiers.functions.Logistic,-R 3.506570472247206E-8
551,softmax50,573,390,30,13,54.54545593261719,weka.classifiers.functions.Logistic,-R 3.506570472247206E-8
551,softmax50,603,420,30,14,54.54545593261719,weka.classifiers.functions.Logistic,-R 3.506570472247206E-8
551,softmax50,633,450,30,15,54.54545593261719,weka.classifiers.functions.Logistic,-R 3.506570472247206E-8
551,softmax50,663,480,30,16,54.54545593261719,weka.classifiers.functions.Logistic,-R 3.506570472247206E-8
551,softmax50,694,510,30,17,54.54545593261719,weka.classifiers.functions.Logistic,-R 3.506570472247206E-8
551,softmax50,724,540,30,18,54.54545593261719,weka.classifiers.functions.Logistic,-R 3.506570472247206E-8
551,softmax50,754,570,30,19,54.54545593261719,weka.classifiers.functions.Logistic,-R 3.506570472247206E-8
551,softmax50,784,600,30,20,54.54545593261719,weka.classifiers.functions.Logistic,-R 3.506570472247206E-8
551,softmax50,814,630,30,21,54.54545593261719,weka.classifiers.functions.Logistic,-R 3.506570472247206E-8
551,softmax50,844,660,30,22,54.54545593261719,weka.classifiers.functions.Logistic,-R 3.506570472247206E-8
551,softmax50,875,690,30,23,54.54545593261719,weka.classifiers.functions.Logistic,-R 3.506570472247206E-8
551,softmax50,905,720,30,24,54.54545593261719,weka.classifiers.functions.Logistic,-R 3.506570472247206E-8
551,softmax50,935,750,30,25,54.54545593261719,weka.classifiers.functions.Logistic,-R 3.506570472247206E-8
551,softmax50,965,780,30,26,54.54545593261719,weka.classifiers.functions.Logistic,-R 3.506570472247206E-8
551,softmax50,995,810,30,27,54.54545593261719,weka.classifiers.functions.Logistic,-R 3.506570472247206E-8
551,softmax50,1025,840,30,28,54.54545593261719,weka.classifiers.functions.Logistic,-R 3.506570472247206E-8
551,softmax50,1056,870,30,29,54.54545593261719,weka.classifiers.functions.Logistic,-R 3.506570472247206E-8
551,softmax50,1086,900,30,30,54.54545593261719,weka.classifiers.functions.Logistic,-R 3.506570472247206E-8
551,softmax50,1116,930,30,31,54.54545593261719,weka.classifiers.functions.Logistic,-R 3.506570472247206E-8
551,softmax50,1146,960,30,32,54.54545593261719,weka.classifiers.functions.Logistic,-R 3.506570472247206E-8
551,softmax50,1176,990,30,33,54.54545593261719,weka.classifiers.functions.Logistic,-R 3.506570472247206E-8
551,softmax50,1207,1020,30,34,54.54545593261719,weka.classifiers.functions.Logistic,-R 3.506570472247206E-8
551,softmax50,1237,1050,30,35,54.54545593261719,weka.classifiers.functions.Logistic,-R 3.506570472247206E-8
551,softmax50,1267,1080,30,36,54.54545593261719,weka.classifiers.functions.Logistic,-R 3.506570472247206E-8
551,softmax50,1297,1110,30,37,54.54545593261719,weka.classifiers.functions.Logistic,-R 3.506570472247206E-8
551,softmax50,1327,1140,30,38,54.54545593261719,weka.classifiers.functions.Logistic,-R 3.506570472247206E-8
551,softmax50,1358,1170,30,39,54.54545593261719,weka.classifiers.functions.Logistic,-R 3.506570472247206E-8
551,softmax50,1388,1200,30,40,54.54545593261719,weka.classifiers.functions.Logistic,-R 3.506570472247206E-8
