206,softmax50,242,60,30,2,0.7518796920776367,weka.classifiers.functions.Logistic,-R 7.265022583501099E-9
206,softmax50,272,90,30,3,0.7518796920776367,weka.classifiers.functions.Logistic,-R 7.265022583501099E-9
206,softmax50,302,120,30,4,0.7518796920776367,weka.classifiers.functions.Logistic,-R 7.265022583501099E-9
206,softmax50,332,150,30,5,0.7518796920776367,weka.classifiers.functions.Logistic,-R 7.265022583501099E-9
206,softmax50,362,180,30,6,0.7518796920776367,weka.classifiers.functions.Logistic,-R 7.265022583501099E-9
206,softmax50,393,210,30,7,0.7518796920776367,weka.classifiers.functions.Logistic,-R 7.265022583501099E-9
206,softmax50,423,240,30,8,0.7518796920776367,weka.classifiers.functions.Logistic,-R 7.265022583501099E-9
206,softmax50,453,270,30,9,0.7518796920776367,weka.classifiers.functions.Logistic,-R 7.265022583501099E-9
206,softmax50,483,300,30,10,0.7518796920776367,weka.classifiers.functions.Logistic,-R 7.265022583501099E-9
206,softmax50,513,330,30,11,0.7518796920776367,weka.classifiers.functions.Logistic,-R 7.265022583501099E-9
206,softmax50,544,360,30,12,0.7518796920776367,weka.classifiers.functions.Logistic,-R 7.265022583501099E-9
206,softmax50,574,390,30,13,0.7518796920776367,weka.classifiers.functions.Logistic,-R 7.265022583501099E-9
206,softmax50,604,420,30,14,0.7518796920776367,weka.classifiers.functions.Logistic,-R 7.265022583501099E-9
206,softmax50,634,450,30,15,0.7518796920776367,weka.classifiers.functions.Logistic,-R 7.265022583501099E-9
206,softmax50,664,480,30,16,0.7518796920776367,weka.classifiers.functions.Logistic,-R 7.265022583501099E-9
206,softmax50,694,510,30,17,0.7518796920776367,weka.classifiers.functions.Logistic,-R 7.265022583501099E-9
206,softmax50,725,540,30,18,0.7518796920776367,weka.classifiers.functions.Logistic,-R 7.265022583501099E-9
206,softmax50,755,570,30,19,0.7518796920776367,weka.classifiers.functions.Logistic,-R 7.265022583501099E-9
206,softmax50,785,600,30,20,0.7518796920776367,weka.classifiers.functions.Logistic,-R 7.265022583501099E-9
206,softmax50,815,630,30,21,0.7518796920776367,weka.classifiers.functions.Logistic,-R 7.265022583501099E-9
206,softmax50,845,660,30,22,0.7518796920776367,weka.classifiers.functions.Logistic,-R 7.265022583501099E-9
206,softmax50,875,690,30,23,0.7518796920776367,weka.classifiers.functions.Logistic,-R 7.265022583501099E-9
206,softmax50,906,720,30,24,0.7518796920776367,weka.classifiers.functions.Logistic,-R 7.265022583501099E-9
206,softmax50,936,750,30,25,0.7518796920776367,weka.classifiers.functions.Logistic,-R 7.265022583501099E-9
206,softmax50,966,780,30,26,0.7518796920776367,weka.classifiers.functions.Logistic,-R 7.265022583501099E-9
206,softmax50,996,810,30,27,0.7518796920776367,weka.classifiers.functions.Logistic,-R 7.265022583501099E-9
206,softmax50,1026,840,30,28,0.7518796920776367,weka.classifiers.functions.Logistic,-R 7.265022583501099E-9
206,softmax50,1057,870,30,29,0.7518796920776367,weka.classifiers.functions.Logistic,-R 7.265022583501099E-9
206,softmax50,1087,900,30,30,0.7518796920776367,weka.classifiers.functions.Logistic,-R 7.265022583501099E-9
206,softmax50,1117,930,30,31,0.7518796920776367,weka.classifiers.functions.Logistic,-R 7.265022583501099E-9
206,softmax50,1147,960,30,32,0.7518796920776367,weka.classifiers.functions.Logistic,-R 7.265022583501099E-9
206,softmax50,1177,990,30,33,0.7518796920776367,weka.classifiers.functions.Logistic,-R 7.265022583501099E-9
206,softmax50,1207,1020,30,34,0.7518796920776367,weka.classifiers.functions.Logistic,-R 7.265022583501099E-9
206,softmax50,1238,1050,30,35,0.7518796920776367,weka.classifiers.functions.Logistic,-R 7.265022583501099E-9
206,softmax50,1268,1080,30,36,0.7518796920776367,weka.classifiers.functions.Logistic,-R 7.265022583501099E-9
206,softmax50,1298,1110,30,37,0.7518796920776367,weka.classifiers.functions.Logistic,-R 7.265022583501099E-9
206,softmax50,1328,1140,30,38,0.7518796920776367,weka.classifiers.functions.Logistic,-R 7.265022583501099E-9
206,softmax50,1358,1170,30,39,0.7518796920776367,weka.classifiers.functions.Logistic,-R 7.265022583501099E-9
206,softmax50,1389,1200,30,40,0.7518796920776367,weka.classifiers.functions.Logistic,-R 7.265022583501099E-9
