491,softmax50,241,60,30,2,27.77777862548828,weka.classifiers.functions.Logistic,-R 4.7605820943826115E-7
491,softmax50,271,90,30,3,27.77777862548828,weka.classifiers.functions.Logistic,-R 4.7605820943826115E-7
491,softmax50,301,120,30,4,27.77777862548828,weka.classifiers.functions.Logistic,-R 4.7605820943826115E-7
491,softmax50,331,150,30,5,27.77777862548828,weka.classifiers.functions.Logistic,-R 4.7605820943826115E-7
491,softmax50,361,180,30,6,27.77777862548828,weka.classifiers.functions.Logistic,-R 4.7605820943826115E-7
491,softmax50,392,210,30,7,27.77777862548828,weka.classifiers.functions.Logistic,-R 4.7605820943826115E-7
491,softmax50,422,240,30,8,27.77777862548828,weka.classifiers.functions.Logistic,-R 4.7605820943826115E-7
491,softmax50,452,270,30,9,27.77777862548828,weka.classifiers.functions.Logistic,-R 4.7605820943826115E-7
491,softmax50,482,300,30,10,27.77777862548828,weka.classifiers.functions.Logistic,-R 4.7605820943826115E-7
491,softmax50,512,330,30,11,27.77777862548828,weka.classifiers.functions.Logistic,-R 4.7605820943826115E-7
491,softmax50,542,360,30,12,27.77777862548828,weka.classifiers.functions.Logistic,-R 4.7605820943826115E-7
491,softmax50,573,390,30,13,27.77777862548828,weka.classifiers.functions.Logistic,-R 4.7605820943826115E-7
491,softmax50,603,420,30,14,27.77777862548828,weka.classifiers.functions.Logistic,-R 4.7605820943826115E-7
491,softmax50,633,450,30,15,27.77777862548828,weka.classifiers.functions.Logistic,-R 4.7605820943826115E-7
491,softmax50,663,480,30,16,27.77777862548828,weka.classifiers.functions.Logistic,-R 4.7605820943826115E-7
491,softmax50,693,510,30,17,27.77777862548828,weka.classifiers.functions.Logistic,-R 4.7605820943826115E-7
491,softmax50,723,540,30,18,27.77777862548828,weka.classifiers.functions.Logistic,-R 4.7605820943826115E-7
491,softmax50,753,570,30,19,27.77777862548828,weka.classifiers.functions.Logistic,-R 4.7605820943826115E-7
491,softmax50,784,600,30,20,27.77777862548828,weka.classifiers.functions.Logistic,-R 4.7605820943826115E-7
491,softmax50,814,630,30,21,27.77777862548828,weka.classifiers.functions.Logistic,-R 4.7605820943826115E-7
491,softmax50,844,660,30,22,27.77777862548828,weka.classifiers.functions.Logistic,-R 4.7605820943826115E-7
491,softmax50,874,690,30,23,27.77777862548828,weka.classifiers.functions.Logistic,-R 4.7605820943826115E-7
491,softmax50,904,720,30,24,27.77777862548828,weka.classifiers.functions.Logistic,-R 4.7605820943826115E-7
491,softmax50,935,750,30,25,27.77777862548828,weka.classifiers.functions.Logistic,-R 4.7605820943826115E-7
491,softmax50,965,780,30,26,27.77777862548828,weka.classifiers.functions.Logistic,-R 4.7605820943826115E-7
491,softmax50,995,810,30,27,27.77777862548828,weka.classifiers.functions.Logistic,-R 4.7605820943826115E-7
491,softmax50,1025,840,30,28,27.77777862548828,weka.classifiers.functions.Logistic,-R 4.7605820943826115E-7
491,softmax50,1055,870,30,29,27.77777862548828,weka.classifiers.functions.Logistic,-R 4.7605820943826115E-7
491,softmax50,1085,900,30,30,27.77777862548828,weka.classifiers.functions.Logistic,-R 4.7605820943826115E-7
491,softmax50,1115,930,30,31,27.77777862548828,weka.classifiers.functions.Logistic,-R 4.7605820943826115E-7
491,softmax50,1146,960,30,32,27.77777862548828,weka.classifiers.functions.Logistic,-R 4.7605820943826115E-7
491,softmax50,1176,990,30,33,27.77777862548828,weka.classifiers.functions.Logistic,-R 4.7605820943826115E-7
491,softmax50,1206,1020,30,34,27.77777862548828,weka.classifiers.functions.Logistic,-R 4.7605820943826115E-7
491,softmax50,1236,1050,30,35,27.77777862548828,weka.classifiers.functions.Logistic,-R 4.7605820943826115E-7
491,softmax50,1266,1080,30,36,27.77777862548828,weka.classifiers.functions.Logistic,-R 4.7605820943826115E-7
491,softmax50,1296,1110,30,37,27.77777862548828,weka.classifiers.functions.Logistic,-R 4.7605820943826115E-7
491,softmax50,1327,1140,30,38,27.77777862548828,weka.classifiers.functions.Logistic,-R 4.7605820943826115E-7
491,softmax50,1357,1170,30,39,27.77777862548828,weka.classifiers.functions.Logistic,-R 4.7605820943826115E-7
491,softmax50,1387,1200,30,40,27.77777862548828,weka.classifiers.functions.Logistic,-R 4.7605820943826115E-7
