1559,softmax50,241,60,30,2,27.272727966308594,weka.classifiers.functions.Logistic,-R 4.457139394006726E-10
1559,softmax50,271,90,30,3,27.272727966308594,weka.classifiers.functions.Logistic,-R 4.457139394006726E-10
1559,softmax50,302,120,30,4,27.272727966308594,weka.classifiers.functions.Logistic,-R 4.457139394006726E-10
1559,softmax50,332,150,30,5,27.272727966308594,weka.classifiers.functions.Logistic,-R 4.457139394006726E-10
1559,softmax50,362,180,30,6,27.272727966308594,weka.classifiers.functions.Logistic,-R 4.457139394006726E-10
1559,softmax50,392,210,30,7,27.272727966308594,weka.classifiers.functions.Logistic,-R 4.457139394006726E-10
1559,softmax50,422,240,30,8,27.272727966308594,weka.classifiers.functions.Logistic,-R 4.457139394006726E-10
1559,softmax50,452,270,30,9,27.272727966308594,weka.classifiers.functions.Logistic,-R 4.457139394006726E-10
1559,softmax50,483,300,30,10,27.272727966308594,weka.classifiers.functions.Logistic,-R 4.457139394006726E-10
1559,softmax50,513,330,30,11,27.272727966308594,weka.classifiers.functions.Logistic,-R 4.457139394006726E-10
1559,softmax50,543,360,30,12,27.272727966308594,weka.classifiers.functions.Logistic,-R 4.457139394006726E-10
1559,softmax50,573,390,30,13,27.272727966308594,weka.classifiers.functions.Logistic,-R 4.457139394006726E-10
1559,softmax50,603,420,30,14,27.272727966308594,weka.classifiers.functions.Logistic,-R 4.457139394006726E-10
1559,softmax50,633,450,30,15,27.272727966308594,weka.classifiers.functions.Logistic,-R 4.457139394006726E-10
1559,softmax50,663,480,30,16,27.272727966308594,weka.classifiers.functions.Logistic,-R 4.457139394006726E-10
1559,softmax50,694,510,30,17,27.272727966308594,weka.classifiers.functions.Logistic,-R 4.457139394006726E-10
1559,softmax50,724,540,30,18,27.272727966308594,weka.classifiers.functions.Logistic,-R 4.457139394006726E-10
1559,softmax50,754,570,30,19,27.272727966308594,weka.classifiers.functions.Logistic,-R 4.457139394006726E-10
1559,softmax50,784,600,30,20,27.272727966308594,weka.classifiers.functions.Logistic,-R 4.457139394006726E-10
1559,softmax50,814,630,30,21,27.272727966308594,weka.classifiers.functions.Logistic,-R 4.457139394006726E-10
1559,softmax50,844,660,30,22,27.272727966308594,weka.classifiers.functions.Logistic,-R 4.457139394006726E-10
1559,softmax50,875,690,30,23,27.272727966308594,weka.classifiers.functions.Logistic,-R 4.457139394006726E-10
1559,softmax50,905,720,30,24,27.272727966308594,weka.classifiers.functions.Logistic,-R 4.457139394006726E-10
1559,softmax50,935,750,30,25,27.272727966308594,weka.classifiers.functions.Logistic,-R 4.457139394006726E-10
1559,softmax50,965,780,30,26,27.272727966308594,weka.classifiers.functions.Logistic,-R 4.457139394006726E-10
1559,softmax50,995,810,30,27,27.272727966308594,weka.classifiers.functions.Logistic,-R 4.457139394006726E-10
1559,softmax50,1025,840,30,28,27.272727966308594,weka.classifiers.functions.Logistic,-R 4.457139394006726E-10
1559,softmax50,1056,870,30,29,27.272727966308594,weka.classifiers.functions.Logistic,-R 4.457139394006726E-10
1559,softmax50,1086,900,30,30,27.272727966308594,weka.classifiers.functions.Logistic,-R 4.457139394006726E-10
1559,softmax50,1116,930,30,31,27.272727966308594,weka.classifiers.functions.Logistic,-R 4.457139394006726E-10
1559,softmax50,1146,960,30,32,27.272727966308594,weka.classifiers.functions.Logistic,-R 4.457139394006726E-10
1559,softmax50,1176,990,30,33,27.272727966308594,weka.classifiers.functions.Logistic,-R 4.457139394006726E-10
1559,softmax50,1206,1020,30,34,27.272727966308594,weka.classifiers.functions.Logistic,-R 4.457139394006726E-10
1559,softmax50,1237,1050,30,35,27.272727966308594,weka.classifiers.functions.Logistic,-R 4.457139394006726E-10
1559,softmax50,1267,1080,30,36,27.272727966308594,weka.classifiers.functions.Logistic,-R 4.457139394006726E-10
1559,softmax50,1297,1110,30,37,27.272727966308594,weka.classifiers.functions.Logistic,-R 4.457139394006726E-10
1559,softmax50,1327,1140,30,38,27.272727966308594,weka.classifiers.functions.Logistic,-R 4.457139394006726E-10
1559,softmax50,1357,1170,30,39,27.272727966308594,weka.classifiers.functions.Logistic,-R 4.457139394006726E-10
1559,softmax50,1388,1200,30,40,27.272727966308594,weka.classifiers.functions.Logistic,-R 4.457139394006726E-10
