544,softmax50,241,60,30,2,57.14285659790039,weka.classifiers.functions.Logistic,-R 5.548907780036061E-10
544,softmax50,271,90,30,3,57.14285659790039,weka.classifiers.functions.Logistic,-R 5.548907780036061E-10
544,softmax50,301,120,30,4,57.14285659790039,weka.classifiers.functions.Logistic,-R 5.548907780036061E-10
544,softmax50,331,150,30,5,57.14285659790039,weka.classifiers.functions.Logistic,-R 5.548907780036061E-10
544,softmax50,361,180,30,6,57.14285659790039,weka.classifiers.functions.Logistic,-R 5.548907780036061E-10
544,softmax50,391,210,30,7,57.14285659790039,weka.classifiers.functions.Logistic,-R 5.548907780036061E-10
544,softmax50,421,240,30,8,57.14285659790039,weka.classifiers.functions.Logistic,-R 5.548907780036061E-10
544,softmax50,452,270,30,9,57.14285659790039,weka.classifiers.functions.Logistic,-R 5.548907780036061E-10
544,softmax50,482,300,30,10,57.14285659790039,weka.classifiers.functions.Logistic,-R 5.548907780036061E-10
544,softmax50,512,330,30,11,57.14285659790039,weka.classifiers.functions.Logistic,-R 5.548907780036061E-10
544,softmax50,542,360,30,12,57.14285659790039,weka.classifiers.functions.Logistic,-R 5.548907780036061E-10
544,softmax50,572,390,30,13,57.14285659790039,weka.classifiers.functions.Logistic,-R 5.548907780036061E-10
544,softmax50,602,420,30,14,57.14285659790039,weka.classifiers.functions.Logistic,-R 5.548907780036061E-10
544,softmax50,632,450,30,15,57.14285659790039,weka.classifiers.functions.Logistic,-R 5.548907780036061E-10
544,softmax50,663,480,30,16,57.14285659790039,weka.classifiers.functions.Logistic,-R 5.548907780036061E-10
544,softmax50,693,510,30,17,57.14285659790039,weka.classifiers.functions.Logistic,-R 5.548907780036061E-10
544,softmax50,723,540,30,18,57.14285659790039,weka.classifiers.functions.Logistic,-R 5.548907780036061E-10
544,softmax50,753,570,30,19,57.14285659790039,weka.classifiers.functions.Logistic,-R 5.548907780036061E-10
544,softmax50,783,600,30,20,57.14285659790039,weka.classifiers.functions.Logistic,-R 5.548907780036061E-10
544,softmax50,813,630,30,21,57.14285659790039,weka.classifiers.functions.Logistic,-R 5.548907780036061E-10
544,softmax50,843,660,30,22,57.14285659790039,weka.classifiers.functions.Logistic,-R 5.548907780036061E-10
544,softmax50,873,690,30,23,57.14285659790039,weka.classifiers.functions.Logistic,-R 5.548907780036061E-10
544,softmax50,904,720,30,24,57.14285659790039,weka.classifiers.functions.Logistic,-R 5.548907780036061E-10
544,softmax50,934,750,30,25,57.14285659790039,weka.classifiers.functions.Logistic,-R 5.548907780036061E-10
544,softmax50,964,780,30,26,57.14285659790039,weka.classifiers.functions.Logistic,-R 5.548907780036061E-10
544,softmax50,994,810,30,27,57.14285659790039,weka.classifiers.functions.Logistic,-R 5.548907780036061E-10
544,softmax50,1024,840,30,28,57.14285659790039,weka.classifiers.functions.Logistic,-R 5.548907780036061E-10
544,softmax50,1054,870,30,29,57.14285659790039,weka.classifiers.functions.Logistic,-R 5.548907780036061E-10
544,softmax50,1084,900,30,30,57.14285659790039,weka.classifiers.functions.Logistic,-R 5.548907780036061E-10
544,softmax50,1114,930,30,31,57.14285659790039,weka.classifiers.functions.Logistic,-R 5.548907780036061E-10
544,softmax50,1145,960,30,32,57.14285659790039,weka.classifiers.functions.Logistic,-R 5.548907780036061E-10
544,softmax50,1175,990,30,33,57.14285659790039,weka.classifiers.functions.Logistic,-R 5.548907780036061E-10
544,softmax50,1205,1020,30,34,57.14285659790039,weka.classifiers.functions.Logistic,-R 5.548907780036061E-10
544,softmax50,1235,1050,30,35,57.14285659790039,weka.classifiers.functions.Logistic,-R 5.548907780036061E-10
544,softmax50,1265,1080,30,36,57.14285659790039,weka.classifiers.functions.Logistic,-R 5.548907780036061E-10
544,softmax50,1295,1110,30,37,57.14285659790039,weka.classifiers.functions.Logistic,-R 5.548907780036061E-10
544,softmax50,1325,1140,30,38,57.14285659790039,weka.classifiers.functions.Logistic,-R 5.548907780036061E-10
544,softmax50,1355,1170,30,39,57.14285659790039,weka.classifiers.functions.Logistic,-R 5.548907780036061E-10
544,softmax50,1386,1200,30,40,57.14285659790039,weka.classifiers.functions.Logistic,-R 5.548907780036061E-10
