204,softmax50,242,60,30,2,29.032258987426758,weka.classifiers.functions.Logistic,-R 7.265022583501099E-9
204,softmax50,272,90,30,3,29.032258987426758,weka.classifiers.functions.Logistic,-R 7.265022583501099E-9
204,softmax50,302,120,30,4,29.032258987426758,weka.classifiers.functions.Logistic,-R 7.265022583501099E-9
204,softmax50,333,150,30,5,29.032258987426758,weka.classifiers.functions.Logistic,-R 7.265022583501099E-9
204,softmax50,363,180,30,6,29.032258987426758,weka.classifiers.functions.Logistic,-R 7.265022583501099E-9
204,softmax50,393,210,30,7,29.032258987426758,weka.classifiers.functions.Logistic,-R 7.265022583501099E-9
204,softmax50,423,240,30,8,29.032258987426758,weka.classifiers.functions.Logistic,-R 7.265022583501099E-9
204,softmax50,453,270,30,9,29.032258987426758,weka.classifiers.functions.Logistic,-R 7.265022583501099E-9
204,softmax50,484,300,30,10,29.032258987426758,weka.classifiers.functions.Logistic,-R 7.265022583501099E-9
204,softmax50,514,330,30,11,29.032258987426758,weka.classifiers.functions.Logistic,-R 7.265022583501099E-9
204,softmax50,544,360,30,12,29.032258987426758,weka.classifiers.functions.Logistic,-R 7.265022583501099E-9
204,softmax50,574,390,30,13,29.032258987426758,weka.classifiers.functions.Logistic,-R 7.265022583501099E-9
204,softmax50,604,420,30,14,29.032258987426758,weka.classifiers.functions.Logistic,-R 7.265022583501099E-9
204,softmax50,634,450,30,15,29.032258987426758,weka.classifiers.functions.Logistic,-R 7.265022583501099E-9
204,softmax50,665,480,30,16,29.032258987426758,weka.classifiers.functions.Logistic,-R 7.265022583501099E-9
204,softmax50,695,510,30,17,29.032258987426758,weka.classifiers.functions.Logistic,-R 7.265022583501099E-9
204,softmax50,725,540,30,18,29.032258987426758,weka.classifiers.functions.Logistic,-R 7.265022583501099E-9
204,softmax50,755,570,30,19,29.032258987426758,weka.classifiers.functions.Logistic,-R 7.265022583501099E-9
204,softmax50,785,600,30,20,29.032258987426758,weka.classifiers.functions.Logistic,-R 7.265022583501099E-9
204,softmax50,816,630,30,21,29.032258987426758,weka.classifiers.functions.Logistic,-R 7.265022583501099E-9
204,softmax50,846,660,30,22,29.032258987426758,weka.classifiers.functions.Logistic,-R 7.265022583501099E-9
204,softmax50,876,690,30,23,29.032258987426758,weka.classifiers.functions.Logistic,-R 7.265022583501099E-9
204,softmax50,906,720,30,24,29.032258987426758,weka.classifiers.functions.Logistic,-R 7.265022583501099E-9
204,softmax50,936,750,30,25,29.032258987426758,weka.classifiers.functions.Logistic,-R 7.265022583501099E-9
204,softmax50,967,780,30,26,29.032258987426758,weka.classifiers.functions.Logistic,-R 7.265022583501099E-9
204,softmax50,997,810,30,27,29.032258987426758,weka.classifiers.functions.Logistic,-R 7.265022583501099E-9
204,softmax50,1027,840,30,28,29.032258987426758,weka.classifiers.functions.Logistic,-R 7.265022583501099E-9
204,softmax50,1057,870,30,29,29.032258987426758,weka.classifiers.functions.Logistic,-R 7.265022583501099E-9
204,softmax50,1087,900,30,30,29.032258987426758,weka.classifiers.functions.Logistic,-R 7.265022583501099E-9
204,softmax50,1117,930,30,31,29.032258987426758,weka.classifiers.functions.Logistic,-R 7.265022583501099E-9
204,softmax50,1148,960,30,32,29.032258987426758,weka.classifiers.functions.Logistic,-R 7.265022583501099E-9
204,softmax50,1178,990,30,33,29.032258987426758,weka.classifiers.functions.Logistic,-R 7.265022583501099E-9
204,softmax50,1208,1020,30,34,29.032258987426758,weka.classifiers.functions.Logistic,-R 7.265022583501099E-9
204,softmax50,1238,1050,30,35,29.032258987426758,weka.classifiers.functions.Logistic,-R 7.265022583501099E-9
204,softmax50,1269,1080,30,36,29.032258987426758,weka.classifiers.functions.Logistic,-R 7.265022583501099E-9
204,softmax50,1299,1110,30,37,29.032258987426758,weka.classifiers.functions.Logistic,-R 7.265022583501099E-9
204,softmax50,1329,1140,30,38,29.032258987426758,weka.classifiers.functions.Logistic,-R 7.265022583501099E-9
204,softmax50,1359,1170,30,39,29.032258987426758,weka.classifiers.functions.Logistic,-R 7.265022583501099E-9
204,softmax50,1389,1200,30,40,29.032258987426758,weka.classifiers.functions.Logistic,-R 7.265022583501099E-9
