530,softmax50,241,60,30,2,61.904762268066406,weka.classifiers.functions.Logistic,-R 4.7605820943826115E-7
530,softmax50,271,90,30,3,61.904762268066406,weka.classifiers.functions.Logistic,-R 4.7605820943826115E-7
530,softmax50,301,120,30,4,61.904762268066406,weka.classifiers.functions.Logistic,-R 4.7605820943826115E-7
530,softmax50,332,150,30,5,61.904762268066406,weka.classifiers.functions.Logistic,-R 4.7605820943826115E-7
530,softmax50,362,180,30,6,61.904762268066406,weka.classifiers.functions.Logistic,-R 4.7605820943826115E-7
530,softmax50,392,210,30,7,61.904762268066406,weka.classifiers.functions.Logistic,-R 4.7605820943826115E-7
530,softmax50,422,240,30,8,61.904762268066406,weka.classifiers.functions.Logistic,-R 4.7605820943826115E-7
530,softmax50,452,270,30,9,61.904762268066406,weka.classifiers.functions.Logistic,-R 4.7605820943826115E-7
530,softmax50,482,300,30,10,59.52381134033203,weka.classifiers.functions.Logistic,-R 4.7605820943826115E-7
530,softmax50,513,330,30,11,59.52381134033203,weka.classifiers.functions.Logistic,-R 4.7605820943826115E-7
530,softmax50,543,360,30,12,59.52381134033203,weka.classifiers.functions.Logistic,-R 4.7605820943826115E-7
530,softmax50,573,390,30,13,59.52381134033203,weka.classifiers.functions.Logistic,-R 4.7605820943826115E-7
530,softmax50,603,420,30,14,59.52381134033203,weka.classifiers.functions.Logistic,-R 4.7605820943826115E-7
530,softmax50,633,450,30,15,59.52381134033203,weka.classifiers.functions.Logistic,-R 4.7605820943826115E-7
530,softmax50,663,480,30,16,59.52381134033203,weka.classifiers.functions.Logistic,-R 4.7605820943826115E-7
530,softmax50,694,510,30,17,59.52381134033203,weka.classifiers.functions.Logistic,-R 4.7605820943826115E-7
530,softmax50,724,540,30,18,59.52381134033203,weka.classifiers.functions.Logistic,-R 4.7605820943826115E-7
530,softmax50,754,570,30,19,59.52381134033203,weka.classifiers.functions.Logistic,-R 4.7605820943826115E-7
530,softmax50,784,600,30,20,59.52381134033203,weka.classifiers.functions.Logistic,-R 4.7605820943826115E-7
530,softmax50,814,630,30,21,59.52381134033203,weka.classifiers.functions.Logistic,-R 4.7605820943826115E-7
530,softmax50,845,660,30,22,59.52381134033203,weka.classifiers.functions.Logistic,-R 4.7605820943826115E-7
530,softmax50,875,690,30,23,59.52381134033203,weka.classifiers.functions.Logistic,-R 4.7605820943826115E-7
530,softmax50,905,720,30,24,59.52381134033203,weka.classifiers.functions.Logistic,-R 4.7605820943826115E-7
530,softmax50,935,750,30,25,59.52381134033203,weka.classifiers.functions.Logistic,-R 4.7605820943826115E-7
530,softmax50,965,780,30,26,59.52381134033203,weka.classifiers.functions.Logistic,-R 4.7605820943826115E-7
530,softmax50,996,810,30,27,59.52381134033203,weka.classifiers.functions.Logistic,-R 4.7605820943826115E-7
530,softmax50,1026,840,30,28,59.52381134033203,weka.classifiers.functions.Logistic,-R 4.7605820943826115E-7
530,softmax50,1056,870,30,29,59.52381134033203,weka.classifiers.functions.Logistic,-R 4.7605820943826115E-7
530,softmax50,1086,900,30,30,59.52381134033203,weka.classifiers.functions.Logistic,-R 4.7605820943826115E-7
530,softmax50,1116,930,30,31,59.52381134033203,weka.classifiers.functions.Logistic,-R 4.7605820943826115E-7
530,softmax50,1146,960,30,32,59.52381134033203,weka.classifiers.functions.Logistic,-R 4.7605820943826115E-7
530,softmax50,1177,990,30,33,59.52381134033203,weka.classifiers.functions.Logistic,-R 4.7605820943826115E-7
530,softmax50,1207,1020,30,34,59.52381134033203,weka.classifiers.functions.Logistic,-R 4.7605820943826115E-7
530,softmax50,1237,1050,30,35,59.52381134033203,weka.classifiers.functions.Logistic,-R 4.7605820943826115E-7
530,softmax50,1267,1080,30,36,59.52381134033203,weka.classifiers.functions.Logistic,-R 4.7605820943826115E-7
530,softmax50,1297,1110,30,37,59.52381134033203,weka.classifiers.functions.Logistic,-R 4.7605820943826115E-7
530,softmax50,1328,1140,30,38,59.52381134033203,weka.classifiers.functions.Logistic,-R 4.7605820943826115E-7
530,softmax50,1358,1170,30,39,59.52381134033203,weka.classifiers.functions.Logistic,-R 4.7605820943826115E-7
530,softmax50,1388,1200,30,40,59.52381134033203,weka.classifiers.functions.Logistic,-R 4.7605820943826115E-7
