1531,softmax50,241,60,30,2,3.1845850944519043,weka.classifiers.functions.Logistic,-R 1.3826453753013576E-10
1531,softmax50,271,90,30,3,3.0794761180877686,weka.classifiers.functions.Logistic,-R 1.067957489618218
1531,softmax50,301,120,30,4,3.0794761180877686,weka.classifiers.functions.Logistic,-R 1.067957489618218
1531,softmax50,332,150,30,5,3.0794761180877686,weka.classifiers.functions.Logistic,-R 1.067957489618218
1531,softmax50,362,180,30,6,3.0794761180877686,weka.classifiers.functions.Logistic,-R 1.067957489618218
1531,softmax50,392,210,30,7,3.0794761180877686,weka.classifiers.functions.Logistic,-R 1.067957489618218
1531,softmax50,422,240,30,8,3.0794761180877686,weka.classifiers.functions.Logistic,-R 1.067957489618218
1531,softmax50,452,270,30,9,3.0794761180877686,weka.classifiers.functions.Logistic,-R 1.067957489618218
1531,softmax50,482,300,30,10,3.0794761180877686,weka.classifiers.functions.Logistic,-R 1.067957489618218
1531,softmax50,513,330,30,11,3.0794761180877686,weka.classifiers.functions.Logistic,-R 1.067957489618218
1531,softmax50,543,360,30,12,3.0794761180877686,weka.classifiers.functions.Logistic,-R 1.067957489618218
1531,softmax50,573,390,30,13,3.0794761180877686,weka.classifiers.functions.Logistic,-R 1.067957489618218
1531,softmax50,603,420,30,14,3.0794761180877686,weka.classifiers.functions.Logistic,-R 1.067957489618218
1531,softmax50,633,450,30,15,3.0794761180877686,weka.classifiers.functions.Logistic,-R 1.067957489618218
1531,softmax50,663,480,30,16,3.0794761180877686,weka.classifiers.functions.Logistic,-R 1.067957489618218
1531,softmax50,693,510,30,17,3.0794761180877686,weka.classifiers.functions.Logistic,-R 1.067957489618218
1531,softmax50,724,540,30,18,3.0794761180877686,weka.classifiers.functions.Logistic,-R 1.067957489618218
1531,softmax50,754,570,30,19,3.0794761180877686,weka.classifiers.functions.Logistic,-R 1.067957489618218
1531,softmax50,784,600,30,20,3.0794761180877686,weka.classifiers.functions.Logistic,-R 1.067957489618218
1531,softmax50,814,630,30,21,3.0794761180877686,weka.classifiers.functions.Logistic,-R 1.067957489618218
1531,softmax50,844,660,30,22,3.0794761180877686,weka.classifiers.functions.Logistic,-R 1.067957489618218
1531,softmax50,874,690,30,23,3.0794761180877686,weka.classifiers.functions.Logistic,-R 1.067957489618218
