784,softmax50,243,60,30,2,14.285714149475098,weka.classifiers.functions.Logistic,-R 0.03058989781229154
784,softmax50,273,90,30,3,14.285714149475098,weka.classifiers.functions.Logistic,-R 0.03058989781229154
784,softmax50,303,120,30,4,14.285714149475098,weka.classifiers.functions.Logistic,-R 0.03058989781229154
784,softmax50,333,150,30,5,14.285714149475098,weka.classifiers.functions.Logistic,-R 0.03058989781229154
784,softmax50,364,180,30,6,14.285714149475098,weka.classifiers.functions.Logistic,-R 0.03058989781229154
784,softmax50,394,210,30,7,14.285714149475098,weka.classifiers.functions.Logistic,-R 0.03058989781229154
784,softmax50,424,240,30,8,14.285714149475098,weka.classifiers.functions.Logistic,-R 0.03058989781229154
784,softmax50,454,270,30,9,14.285714149475098,weka.classifiers.functions.Logistic,-R 0.03058989781229154
784,softmax50,485,300,30,10,14.285714149475098,weka.classifiers.functions.Logistic,-R 0.03058989781229154
784,softmax50,515,330,30,11,14.285714149475098,weka.classifiers.functions.Logistic,-R 0.03058989781229154
784,softmax50,545,360,30,12,14.285714149475098,weka.classifiers.functions.Logistic,-R 0.03058989781229154
784,softmax50,575,390,30,13,14.285714149475098,weka.classifiers.functions.Logistic,-R 0.03058989781229154
784,softmax50,605,420,30,14,14.285714149475098,weka.classifiers.functions.Logistic,-R 0.03058989781229154
784,softmax50,636,450,30,15,14.285714149475098,weka.classifiers.functions.Logistic,-R 0.03058989781229154
784,softmax50,666,480,30,16,14.285714149475098,weka.classifiers.functions.Logistic,-R 0.03058989781229154
784,softmax50,696,510,30,17,14.285714149475098,weka.classifiers.functions.Logistic,-R 0.03058989781229154
784,softmax50,726,540,30,18,14.285714149475098,weka.classifiers.functions.Logistic,-R 0.03058989781229154
784,softmax50,756,570,30,19,14.285714149475098,weka.classifiers.functions.Logistic,-R 0.03058989781229154
784,softmax50,787,600,30,20,14.285714149475098,weka.classifiers.functions.Logistic,-R 0.03058989781229154
784,softmax50,817,630,30,21,14.285714149475098,weka.classifiers.functions.Logistic,-R 0.03058989781229154
784,softmax50,847,660,30,22,14.285714149475098,weka.classifiers.functions.Logistic,-R 0.03058989781229154
784,softmax50,877,690,30,23,14.285714149475098,weka.classifiers.functions.Logistic,-R 0.03058989781229154
784,softmax50,907,720,30,24,14.285714149475098,weka.classifiers.functions.Logistic,-R 0.03058989781229154
784,softmax50,938,750,30,25,14.285714149475098,weka.classifiers.functions.Logistic,-R 0.03058989781229154
784,softmax50,968,780,30,26,14.285714149475098,weka.classifiers.functions.Logistic,-R 0.03058989781229154
784,softmax50,998,810,30,27,14.285714149475098,weka.classifiers.functions.Logistic,-R 0.03058989781229154
784,softmax50,1028,840,30,28,14.285714149475098,weka.classifiers.functions.Logistic,-R 0.03058989781229154
784,softmax50,1058,870,30,29,14.285714149475098,weka.classifiers.functions.Logistic,-R 0.03058989781229154
784,softmax50,1089,900,30,30,14.285714149475098,weka.classifiers.functions.Logistic,-R 0.03058989781229154
784,softmax50,1119,930,30,31,14.285714149475098,weka.classifiers.functions.Logistic,-R 0.03058989781229154
784,softmax50,1149,960,30,32,14.285714149475098,weka.classifiers.functions.Logistic,-R 0.03058989781229154
784,softmax50,1179,990,30,33,14.285714149475098,weka.classifiers.functions.Logistic,-R 0.03058989781229154
784,softmax50,1210,1020,30,34,14.285714149475098,weka.classifiers.functions.Logistic,-R 0.03058989781229154
784,softmax50,1240,1050,30,35,14.285714149475098,weka.classifiers.functions.Logistic,-R 0.03058989781229154
784,softmax50,1270,1080,30,36,14.285714149475098,weka.classifiers.functions.Logistic,-R 0.03058989781229154
784,softmax50,1300,1110,30,37,14.285714149475098,weka.classifiers.functions.Logistic,-R 0.03058989781229154
784,softmax50,1330,1140,30,38,14.285714149475098,weka.classifiers.functions.Logistic,-R 0.03058989781229154
784,softmax50,1361,1170,30,39,14.285714149475098,weka.classifiers.functions.Logistic,-R 0.03058989781229154
784,softmax50,1391,1200,30,40,14.285714149475098,weka.classifiers.functions.Logistic,-R 0.03058989781229154
