1525,softmax50,241,60,30,2,0.2747252881526947,weka.classifiers.functions.Logistic,-R 4.3653419183671274E-12
1525,softmax50,271,90,30,3,0.2747252881526947,weka.classifiers.functions.Logistic,-R 4.3653419183671274E-12
1525,softmax50,302,120,30,4,0.2747252881526947,weka.classifiers.functions.Logistic,-R 4.3653419183671274E-12
1525,softmax50,332,150,30,5,0.2747252881526947,weka.classifiers.functions.Logistic,-R 4.3653419183671274E-12
1525,softmax50,362,180,30,6,0.24446162581443787,weka.classifiers.functions.Logistic,-R 7.725879003465926E-8
1525,softmax50,392,210,30,7,0.24446162581443787,weka.classifiers.functions.Logistic,-R 7.725879003465926E-8
1525,softmax50,422,240,30,8,0.24446162581443787,weka.classifiers.functions.Logistic,-R 7.725879003465926E-8
1525,softmax50,452,270,30,9,0.24446162581443787,weka.classifiers.functions.Logistic,-R 7.725879003465926E-8
1525,softmax50,483,300,30,10,0.24446162581443787,weka.classifiers.functions.Logistic,-R 7.725879003465926E-8
1525,softmax50,513,330,30,11,0.24446162581443787,weka.classifiers.functions.Logistic,-R 7.725879003465926E-8
1525,softmax50,543,360,30,12,0.24446162581443787,weka.classifiers.functions.Logistic,-R 7.725879003465926E-8
1525,softmax50,573,390,30,13,0.24446162581443787,weka.classifiers.functions.Logistic,-R 7.725879003465926E-8
1525,softmax50,603,420,30,14,0.22001545131206512,weka.classifiers.functions.Logistic,-R 2.4983533081716664E-7
1525,softmax50,634,450,30,15,0.22001545131206512,weka.classifiers.functions.Logistic,-R 2.4983533081716664E-7
1525,softmax50,664,480,30,16,0.22001545131206512,weka.classifiers.functions.Logistic,-R 2.4983533081716664E-7
1525,softmax50,694,510,30,17,0.22001545131206512,weka.classifiers.functions.Logistic,-R 2.4983533081716664E-7
1525,softmax50,724,540,30,18,0.22001545131206512,weka.classifiers.functions.Logistic,-R 2.4983533081716664E-7
1525,softmax50,754,570,30,19,0.22001545131206512,weka.classifiers.functions.Logistic,-R 2.4983533081716664E-7
1525,softmax50,784,600,30,20,0.22001545131206512,weka.classifiers.functions.Logistic,-R 2.4983533081716664E-7
1525,softmax50,815,630,30,21,0.22001545131206512,weka.classifiers.functions.Logistic,-R 2.4983533081716664E-7
1525,softmax50,845,660,30,22,0.22001545131206512,weka.classifiers.functions.Logistic,-R 2.4983533081716664E-7
1525,softmax50,875,690,30,23,0.22001545131206512,weka.classifiers.functions.Logistic,-R 2.4983533081716664E-7
1525,softmax50,905,720,30,24,0.22001545131206512,weka.classifiers.functions.Logistic,-R 2.4983533081716664E-7
1525,softmax50,935,750,30,25,0.22001545131206512,weka.classifiers.functions.Logistic,-R 2.4983533081716664E-7
1525,softmax50,965,780,30,26,0.22001545131206512,weka.classifiers.functions.Logistic,-R 2.4983533081716664E-7
1525,softmax50,995,810,30,27,0.22001545131206512,weka.classifiers.functions.Logistic,-R 2.4983533081716664E-7
1525,softmax50,1026,840,30,28,0.22001545131206512,weka.classifiers.functions.Logistic,-R 2.4983533081716664E-7
1525,softmax50,1056,870,30,29,0.22001545131206512,weka.classifiers.functions.Logistic,-R 2.4983533081716664E-7
1525,softmax50,1086,900,30,30,0.22001545131206512,weka.classifiers.functions.Logistic,-R 2.4983533081716664E-7
1525,softmax50,1116,930,30,31,0.22001545131206512,weka.classifiers.functions.Logistic,-R 2.4983533081716664E-7
1525,softmax50,1146,960,30,32,0.22001545131206512,weka.classifiers.functions.Logistic,-R 2.4983533081716664E-7
1525,softmax50,1177,990,30,33,0.22001545131206512,weka.classifiers.functions.Logistic,-R 2.4983533081716664E-7
1525,softmax50,1207,1020,30,34,0.22001545131206512,weka.classifiers.functions.Logistic,-R 2.4983533081716664E-7
1525,softmax50,1237,1050,30,35,0.22001545131206512,weka.classifiers.functions.Logistic,-R 2.4983533081716664E-7
1525,softmax50,1267,1080,30,36,0.22001545131206512,weka.classifiers.functions.Logistic,-R 2.4983533081716664E-7
1525,softmax50,1298,1110,30,37,0.22001545131206512,weka.classifiers.functions.Logistic,-R 2.4983533081716664E-7
1525,softmax50,1328,1140,30,38,0.22001545131206512,weka.classifiers.functions.Logistic,-R 2.4983533081716664E-7
1525,softmax50,1358,1170,30,39,0.22001545131206512,weka.classifiers.functions.Logistic,-R 2.4983533081716664E-7
1525,softmax50,1388,1200,30,40,0.22001545131206512,weka.classifiers.functions.Logistic,-R 2.4983533081716664E-7
