345,softmax50,241,60,30,2,6.547618865966797,weka.classifiers.functions.Logistic,-R 4.7605820943826115E-7
345,softmax50,271,90,30,3,6.547618865966797,weka.classifiers.functions.Logistic,-R 4.7605820943826115E-7
345,softmax50,301,120,30,4,6.547618865966797,weka.classifiers.functions.Logistic,-R 4.7605820943826115E-7
345,softmax50,331,150,30,5,6.547618865966797,weka.classifiers.functions.Logistic,-R 4.7605820943826115E-7
345,softmax50,361,180,30,6,6.547618865966797,weka.classifiers.functions.Logistic,-R 4.7605820943826115E-7
345,softmax50,391,210,30,7,6.547618865966797,weka.classifiers.functions.Logistic,-R 4.7605820943826115E-7
345,softmax50,422,240,30,8,6.547618865966797,weka.classifiers.functions.Logistic,-R 4.7605820943826115E-7
345,softmax50,452,270,30,9,6.547618865966797,weka.classifiers.functions.Logistic,-R 4.7605820943826115E-7
345,softmax50,482,300,30,10,6.547618865966797,weka.classifiers.functions.Logistic,-R 4.7605820943826115E-7
345,softmax50,512,330,30,11,6.547618865966797,weka.classifiers.functions.Logistic,-R 4.7605820943826115E-7
345,softmax50,542,360,30,12,6.547618865966797,weka.classifiers.functions.Logistic,-R 4.7605820943826115E-7
345,softmax50,572,390,30,13,6.547618865966797,weka.classifiers.functions.Logistic,-R 4.7605820943826115E-7
345,softmax50,603,420,30,14,6.547618865966797,weka.classifiers.functions.Logistic,-R 4.7605820943826115E-7
345,softmax50,633,450,30,15,6.547618865966797,weka.classifiers.functions.Logistic,-R 4.7605820943826115E-7
345,softmax50,663,480,30,16,5.357142925262451,weka.classifiers.functions.Logistic,-R 1.7063859886465446E-4
345,softmax50,693,510,30,17,5.357142925262451,weka.classifiers.functions.Logistic,-R 1.7063859886465446E-4
345,softmax50,723,540,30,18,5.357142925262451,weka.classifiers.functions.Logistic,-R 1.7063859886465446E-4
345,softmax50,753,570,30,19,5.357142925262451,weka.classifiers.functions.Logistic,-R 1.7063859886465446E-4
345,softmax50,784,600,30,20,5.357142925262451,weka.classifiers.functions.Logistic,-R 1.7063859886465446E-4
345,softmax50,814,630,30,21,5.357142925262451,weka.classifiers.functions.Logistic,-R 1.7063859886465446E-4
345,softmax50,844,660,30,22,5.357142925262451,weka.classifiers.functions.Logistic,-R 1.7063859886465446E-4
345,softmax50,874,690,30,23,5.357142925262451,weka.classifiers.functions.Logistic,-R 1.7063859886465446E-4
345,softmax50,904,720,30,24,5.357142925262451,weka.classifiers.functions.Logistic,-R 1.7063859886465446E-4
345,softmax50,934,750,30,25,5.357142925262451,weka.classifiers.functions.Logistic,-R 1.7063859886465446E-4
345,softmax50,964,780,30,26,5.357142925262451,weka.classifiers.functions.Logistic,-R 1.7063859886465446E-4
345,softmax50,995,810,30,27,5.357142925262451,weka.classifiers.functions.Logistic,-R 1.7063859886465446E-4
345,softmax50,1025,840,30,28,5.357142925262451,weka.classifiers.functions.Logistic,-R 1.7063859886465446E-4
345,softmax50,1055,870,30,29,5.357142925262451,weka.classifiers.functions.Logistic,-R 1.7063859886465446E-4
345,softmax50,1085,900,30,30,5.357142925262451,weka.classifiers.functions.Logistic,-R 1.7063859886465446E-4
345,softmax50,1115,930,30,31,5.357142925262451,weka.classifiers.functions.Logistic,-R 1.7063859886465446E-4
345,softmax50,1145,960,30,32,5.357142925262451,weka.classifiers.functions.Logistic,-R 1.7063859886465446E-4
345,softmax50,1176,990,30,33,5.357142925262451,weka.classifiers.functions.Logistic,-R 1.7063859886465446E-4
345,softmax50,1206,1020,30,34,5.357142925262451,weka.classifiers.functions.Logistic,-R 1.7063859886465446E-4
345,softmax50,1236,1050,30,35,5.357142925262451,weka.classifiers.functions.Logistic,-R 1.7063859886465446E-4
345,softmax50,1266,1080,30,36,5.357142925262451,weka.classifiers.functions.Logistic,-R 1.7063859886465446E-4
345,softmax50,1296,1110,30,37,5.357142925262451,weka.classifiers.functions.Logistic,-R 1.7063859886465446E-4
345,softmax50,1327,1140,30,38,5.357142925262451,weka.classifiers.functions.Logistic,-R 1.7063859886465446E-4
345,softmax50,1357,1170,30,39,5.357142925262451,weka.classifiers.functions.Logistic,-R 1.7063859886465446E-4
345,softmax50,1387,1200,30,40,5.357142925262451,weka.classifiers.functions.Logistic,-R 1.7063859886465446E-4
