1490,softmax50,241,60,30,2,16.66666603088379,weka.classifiers.functions.Logistic,-R 4.7605820943826115E-7
1490,softmax50,271,90,30,3,16.66666603088379,weka.classifiers.functions.Logistic,-R 4.7605820943826115E-7
1490,softmax50,301,120,30,4,16.66666603088379,weka.classifiers.functions.Logistic,-R 4.7605820943826115E-7
1490,softmax50,331,150,30,5,16.66666603088379,weka.classifiers.functions.Logistic,-R 4.7605820943826115E-7
1490,softmax50,361,180,30,6,16.66666603088379,weka.classifiers.functions.Logistic,-R 4.7605820943826115E-7
1490,softmax50,391,210,30,7,16.66666603088379,weka.classifiers.functions.Logistic,-R 4.7605820943826115E-7
1490,softmax50,422,240,30,8,16.66666603088379,weka.classifiers.functions.Logistic,-R 4.7605820943826115E-7
1490,softmax50,452,270,30,9,16.66666603088379,weka.classifiers.functions.Logistic,-R 4.7605820943826115E-7
1490,softmax50,482,300,30,10,16.66666603088379,weka.classifiers.functions.Logistic,-R 4.7605820943826115E-7
1490,softmax50,512,330,30,11,16.66666603088379,weka.classifiers.functions.Logistic,-R 4.7605820943826115E-7
1490,softmax50,542,360,30,12,16.66666603088379,weka.classifiers.functions.Logistic,-R 4.7605820943826115E-7
1490,softmax50,572,390,30,13,16.66666603088379,weka.classifiers.functions.Logistic,-R 4.7605820943826115E-7
1490,softmax50,602,420,30,14,16.66666603088379,weka.classifiers.functions.Logistic,-R 4.7605820943826115E-7
1490,softmax50,632,450,30,15,16.66666603088379,weka.classifiers.functions.Logistic,-R 4.7605820943826115E-7
1490,softmax50,663,480,30,16,16.66666603088379,weka.classifiers.functions.Logistic,-R 4.7605820943826115E-7
1490,softmax50,693,510,30,17,16.66666603088379,weka.classifiers.functions.Logistic,-R 4.7605820943826115E-7
1490,softmax50,723,540,30,18,16.66666603088379,weka.classifiers.functions.Logistic,-R 4.7605820943826115E-7
1490,softmax50,753,570,30,19,16.66666603088379,weka.classifiers.functions.Logistic,-R 4.7605820943826115E-7
1490,softmax50,783,600,30,20,16.66666603088379,weka.classifiers.functions.Logistic,-R 4.7605820943826115E-7
1490,softmax50,813,630,30,21,16.66666603088379,weka.classifiers.functions.Logistic,-R 4.7605820943826115E-7
1490,softmax50,843,660,30,22,16.66666603088379,weka.classifiers.functions.Logistic,-R 4.7605820943826115E-7
1490,softmax50,874,690,30,23,16.66666603088379,weka.classifiers.functions.Logistic,-R 4.7605820943826115E-7
1490,softmax50,904,720,30,24,16.66666603088379,weka.classifiers.functions.Logistic,-R 4.7605820943826115E-7
1490,softmax50,934,750,30,25,16.66666603088379,weka.classifiers.functions.Logistic,-R 4.7605820943826115E-7
1490,softmax50,964,780,30,26,16.66666603088379,weka.classifiers.functions.Logistic,-R 4.7605820943826115E-7
1490,softmax50,994,810,30,27,16.66666603088379,weka.classifiers.functions.Logistic,-R 4.7605820943826115E-7
1490,softmax50,1024,840,30,28,16.66666603088379,weka.classifiers.functions.Logistic,-R 4.7605820943826115E-7
1490,softmax50,1054,870,30,29,16.66666603088379,weka.classifiers.functions.Logistic,-R 4.7605820943826115E-7
1490,softmax50,1085,900,30,30,16.66666603088379,weka.classifiers.functions.Logistic,-R 4.7605820943826115E-7
1490,softmax50,1115,930,30,31,16.66666603088379,weka.classifiers.functions.Logistic,-R 4.7605820943826115E-7
1490,softmax50,1145,960,30,32,16.66666603088379,weka.classifiers.functions.Logistic,-R 4.7605820943826115E-7
1490,softmax50,1175,990,30,33,16.66666603088379,weka.classifiers.functions.Logistic,-R 4.7605820943826115E-7
1490,softmax50,1205,1020,30,34,16.66666603088379,weka.classifiers.functions.Logistic,-R 4.7605820943826115E-7
1490,softmax50,1235,1050,30,35,16.66666603088379,weka.classifiers.functions.Logistic,-R 4.7605820943826115E-7
1490,softmax50,1265,1080,30,36,16.66666603088379,weka.classifiers.functions.Logistic,-R 4.7605820943826115E-7
1490,softmax50,1296,1110,30,37,16.66666603088379,weka.classifiers.functions.Logistic,-R 4.7605820943826115E-7
1490,softmax50,1326,1140,30,38,16.66666603088379,weka.classifiers.functions.Logistic,-R 4.7605820943826115E-7
1490,softmax50,1356,1170,30,39,16.66666603088379,weka.classifiers.functions.Logistic,-R 4.7605820943826115E-7
1490,softmax50,1386,1200,30,40,16.66666603088379,weka.classifiers.functions.Logistic,-R 4.7605820943826115E-7
