685,softmax50,241,60,30,2,46.153846740722656,weka.classifiers.functions.Logistic,-R 0.001212808614916214
685,softmax50,271,90,30,3,46.153846740722656,weka.classifiers.functions.Logistic,-R 0.001212808614916214
685,softmax50,301,120,30,4,46.153846740722656,weka.classifiers.functions.Logistic,-R 0.001212808614916214
685,softmax50,332,150,30,5,46.153846740722656,weka.classifiers.functions.Logistic,-R 0.001212808614916214
685,softmax50,362,180,30,6,46.153846740722656,weka.classifiers.functions.Logistic,-R 0.001212808614916214
685,softmax50,392,210,30,7,46.153846740722656,weka.classifiers.functions.Logistic,-R 0.001212808614916214
685,softmax50,422,240,30,8,46.153846740722656,weka.classifiers.functions.Logistic,-R 0.001212808614916214
685,softmax50,452,270,30,9,46.153846740722656,weka.classifiers.functions.Logistic,-R 0.001212808614916214
685,softmax50,482,300,30,10,46.153846740722656,weka.classifiers.functions.Logistic,-R 0.001212808614916214
685,softmax50,512,330,30,11,46.153846740722656,weka.classifiers.functions.Logistic,-R 0.001212808614916214
