1444,softmax50,241,60,30,2,11.021061897277832,weka.classifiers.functions.Logistic,-R 1.4848476066996498E-10
1444,softmax50,271,90,30,3,11.021061897277832,weka.classifiers.functions.Logistic,-R 1.4848476066996498E-10
1444,softmax50,301,120,30,4,11.021061897277832,weka.classifiers.functions.Logistic,-R 1.4848476066996498E-10
1444,softmax50,331,150,30,5,11.021061897277832,weka.classifiers.functions.Logistic,-R 1.4848476066996498E-10
1444,softmax50,361,180,30,6,11.021061897277832,weka.classifiers.functions.Logistic,-R 1.4848476066996498E-10
1444,softmax50,391,210,30,7,11.021061897277832,weka.classifiers.functions.Logistic,-R 1.4848476066996498E-10
1444,softmax50,422,240,30,8,11.021061897277832,weka.classifiers.functions.Logistic,-R 1.4848476066996498E-10
1444,softmax50,452,270,30,9,11.021061897277832,weka.classifiers.functions.Logistic,-R 1.4848476066996498E-10
1444,softmax50,482,300,30,10,11.021061897277832,weka.classifiers.functions.Logistic,-R 1.4848476066996498E-10
1444,softmax50,512,330,30,11,11.021061897277832,weka.classifiers.functions.Logistic,-R 1.4848476066996498E-10
1444,softmax50,542,360,30,12,11.021061897277832,weka.classifiers.functions.Logistic,-R 1.4848476066996498E-10
1444,softmax50,572,390,30,13,11.021061897277832,weka.classifiers.functions.Logistic,-R 1.4848476066996498E-10
1444,softmax50,602,420,30,14,11.021061897277832,weka.classifiers.functions.Logistic,-R 1.4848476066996498E-10
1444,softmax50,632,450,30,15,11.021061897277832,weka.classifiers.functions.Logistic,-R 1.4848476066996498E-10
1444,softmax50,663,480,30,16,11.021061897277832,weka.classifiers.functions.Logistic,-R 1.4848476066996498E-10
1444,softmax50,693,510,30,17,11.021061897277832,weka.classifiers.functions.Logistic,-R 1.4848476066996498E-10
1444,softmax50,723,540,30,18,11.021061897277832,weka.classifiers.functions.Logistic,-R 1.4848476066996498E-10
1444,softmax50,753,570,30,19,11.021061897277832,weka.classifiers.functions.Logistic,-R 1.4848476066996498E-10
1444,softmax50,783,600,30,20,11.021061897277832,weka.classifiers.functions.Logistic,-R 1.4848476066996498E-10
1444,softmax50,813,630,30,21,11.021061897277832,weka.classifiers.functions.Logistic,-R 1.4848476066996498E-10
1444,softmax50,843,660,30,22,11.021061897277832,weka.classifiers.functions.Logistic,-R 1.4848476066996498E-10
1444,softmax50,873,690,30,23,11.021061897277832,weka.classifiers.functions.Logistic,-R 1.4848476066996498E-10
1444,softmax50,904,720,30,24,11.021061897277832,weka.classifiers.functions.Logistic,-R 1.4848476066996498E-10
1444,softmax50,934,750,30,25,11.021061897277832,weka.classifiers.functions.Logistic,-R 1.4848476066996498E-10
1444,softmax50,964,780,30,26,11.021061897277832,weka.classifiers.functions.Logistic,-R 1.4848476066996498E-10
1444,softmax50,994,810,30,27,11.021061897277832,weka.classifiers.functions.Logistic,-R 1.4848476066996498E-10
1444,softmax50,1024,840,30,28,11.021061897277832,weka.classifiers.functions.Logistic,-R 1.4848476066996498E-10
1444,softmax50,1054,870,30,29,11.021061897277832,weka.classifiers.functions.Logistic,-R 1.4848476066996498E-10
1444,softmax50,1084,900,30,30,11.021061897277832,weka.classifiers.functions.Logistic,-R 1.4848476066996498E-10
1444,softmax50,1114,930,30,31,11.021061897277832,weka.classifiers.functions.Logistic,-R 1.4848476066996498E-10
1444,softmax50,1145,960,30,32,11.021061897277832,weka.classifiers.functions.Logistic,-R 1.4848476066996498E-10
1444,softmax50,1175,990,30,33,11.021061897277832,weka.classifiers.functions.Logistic,-R 1.4848476066996498E-10
1444,softmax50,1205,1020,30,34,11.021061897277832,weka.classifiers.functions.Logistic,-R 1.4848476066996498E-10
1444,softmax50,1235,1050,30,35,11.021061897277832,weka.classifiers.functions.Logistic,-R 1.4848476066996498E-10
1444,softmax50,1265,1080,30,36,11.021061897277832,weka.classifiers.functions.Logistic,-R 1.4848476066996498E-10
1444,softmax50,1295,1110,30,37,11.021061897277832,weka.classifiers.functions.Logistic,-R 1.4848476066996498E-10
1444,softmax50,1325,1140,30,38,11.021061897277832,weka.classifiers.functions.Logistic,-R 1.4848476066996498E-10
1444,softmax50,1356,1170,30,39,11.021061897277832,weka.classifiers.functions.Logistic,-R 1.4848476066996498E-10
1444,softmax50,1386,1200,30,40,11.021061897277832,weka.classifiers.functions.Logistic,-R 1.4848476066996498E-10
