460,softmax50,241,60,30,2,44.73684310913086,weka.classifiers.functions.Logistic,-R 5.548907780036061E-10
460,softmax50,272,90,30,3,44.73684310913086,weka.classifiers.functions.Logistic,-R 5.548907780036061E-10
460,softmax50,302,120,30,4,44.73684310913086,weka.classifiers.functions.Logistic,-R 5.548907780036061E-10
460,softmax50,332,150,30,5,44.73684310913086,weka.classifiers.functions.Logistic,-R 5.548907780036061E-10
460,softmax50,362,180,30,6,44.73684310913086,weka.classifiers.functions.Logistic,-R 5.548907780036061E-10
460,softmax50,392,210,30,7,44.73684310913086,weka.classifiers.functions.Logistic,-R 5.548907780036061E-10
460,softmax50,422,240,30,8,44.73684310913086,weka.classifiers.functions.Logistic,-R 5.548907780036061E-10
460,softmax50,453,270,30,9,44.73684310913086,weka.classifiers.functions.Logistic,-R 5.548907780036061E-10
460,softmax50,483,300,30,10,44.73684310913086,weka.classifiers.functions.Logistic,-R 5.548907780036061E-10
460,softmax50,513,330,30,11,44.73684310913086,weka.classifiers.functions.Logistic,-R 5.548907780036061E-10
460,softmax50,543,360,30,12,44.73684310913086,weka.classifiers.functions.Logistic,-R 5.548907780036061E-10
460,softmax50,573,390,30,13,44.73684310913086,weka.classifiers.functions.Logistic,-R 5.548907780036061E-10
460,softmax50,604,420,30,14,44.73684310913086,weka.classifiers.functions.Logistic,-R 5.548907780036061E-10
460,softmax50,634,450,30,15,44.73684310913086,weka.classifiers.functions.Logistic,-R 5.548907780036061E-10
460,softmax50,664,480,30,16,44.73684310913086,weka.classifiers.functions.Logistic,-R 5.548907780036061E-10
460,softmax50,694,510,30,17,44.73684310913086,weka.classifiers.functions.Logistic,-R 5.548907780036061E-10
460,softmax50,724,540,30,18,44.73684310913086,weka.classifiers.functions.Logistic,-R 5.548907780036061E-10
460,softmax50,755,570,30,19,44.73684310913086,weka.classifiers.functions.Logistic,-R 5.548907780036061E-10
460,softmax50,785,600,30,20,44.73684310913086,weka.classifiers.functions.Logistic,-R 5.548907780036061E-10
460,softmax50,815,630,30,21,44.73684310913086,weka.classifiers.functions.Logistic,-R 5.548907780036061E-10
460,softmax50,845,660,30,22,44.73684310913086,weka.classifiers.functions.Logistic,-R 5.548907780036061E-10
460,softmax50,875,690,30,23,44.73684310913086,weka.classifiers.functions.Logistic,-R 5.548907780036061E-10
460,softmax50,905,720,30,24,44.73684310913086,weka.classifiers.functions.Logistic,-R 5.548907780036061E-10
460,softmax50,935,750,30,25,44.73684310913086,weka.classifiers.functions.Logistic,-R 5.548907780036061E-10
460,softmax50,966,780,30,26,44.73684310913086,weka.classifiers.functions.Logistic,-R 5.548907780036061E-10
460,softmax50,996,810,30,27,44.73684310913086,weka.classifiers.functions.Logistic,-R 5.548907780036061E-10
460,softmax50,1026,840,30,28,44.73684310913086,weka.classifiers.functions.Logistic,-R 5.548907780036061E-10
460,softmax50,1056,870,30,29,44.73684310913086,weka.classifiers.functions.Logistic,-R 5.548907780036061E-10
460,softmax50,1086,900,30,30,44.73684310913086,weka.classifiers.functions.Logistic,-R 5.548907780036061E-10
460,softmax50,1116,930,30,31,44.73684310913086,weka.classifiers.functions.Logistic,-R 5.548907780036061E-10
460,softmax50,1147,960,30,32,44.73684310913086,weka.classifiers.functions.Logistic,-R 5.548907780036061E-10
460,softmax50,1177,990,30,33,44.73684310913086,weka.classifiers.functions.Logistic,-R 5.548907780036061E-10
460,softmax50,1207,1020,30,34,44.73684310913086,weka.classifiers.functions.Logistic,-R 5.548907780036061E-10
460,softmax50,1237,1050,30,35,44.73684310913086,weka.classifiers.functions.Logistic,-R 5.548907780036061E-10
460,softmax50,1267,1080,30,36,44.73684310913086,weka.classifiers.functions.Logistic,-R 5.548907780036061E-10
460,softmax50,1297,1110,30,37,44.73684310913086,weka.classifiers.functions.Logistic,-R 5.548907780036061E-10
460,softmax50,1328,1140,30,38,44.73684310913086,weka.classifiers.functions.Logistic,-R 5.548907780036061E-10
460,softmax50,1358,1170,30,39,44.73684310913086,weka.classifiers.functions.Logistic,-R 5.548907780036061E-10
460,softmax50,1388,1200,30,40,44.73684310913086,weka.classifiers.functions.Logistic,-R 5.548907780036061E-10
