550,softmax50,242,60,30,2,65.36697387695312,weka.classifiers.functions.Logistic,-R 0.03058989781229154
550,softmax50,272,90,30,3,65.36697387695312,weka.classifiers.functions.Logistic,-R 0.03058989781229154
550,softmax50,302,120,30,4,65.36697387695312,weka.classifiers.functions.Logistic,-R 0.03058989781229154
550,softmax50,333,150,30,5,65.36697387695312,weka.classifiers.functions.Logistic,-R 0.03058989781229154
550,softmax50,363,180,30,6,65.36697387695312,weka.classifiers.functions.Logistic,-R 0.03058989781229154
550,softmax50,393,210,30,7,65.36697387695312,weka.classifiers.functions.Logistic,-R 0.03058989781229154
550,softmax50,423,240,30,8,65.36697387695312,weka.classifiers.functions.Logistic,-R 0.03058989781229154
550,softmax50,453,270,30,9,65.36697387695312,weka.classifiers.functions.Logistic,-R 0.03058989781229154
550,softmax50,484,300,30,10,65.36697387695312,weka.classifiers.functions.Logistic,-R 0.03058989781229154
550,softmax50,514,330,30,11,65.36697387695312,weka.classifiers.functions.Logistic,-R 0.03058989781229154
550,softmax50,544,360,30,12,65.36697387695312,weka.classifiers.functions.Logistic,-R 0.03058989781229154
550,softmax50,574,390,30,13,65.36697387695312,weka.classifiers.functions.Logistic,-R 0.03058989781229154
550,softmax50,604,420,30,14,65.36697387695312,weka.classifiers.functions.Logistic,-R 0.03058989781229154
550,softmax50,634,450,30,15,65.36697387695312,weka.classifiers.functions.Logistic,-R 0.03058989781229154
550,softmax50,665,480,30,16,65.36697387695312,weka.classifiers.functions.Logistic,-R 0.03058989781229154
550,softmax50,695,510,30,17,65.36697387695312,weka.classifiers.functions.Logistic,-R 0.03058989781229154
550,softmax50,725,540,30,18,65.36697387695312,weka.classifiers.functions.Logistic,-R 0.03058989781229154
550,softmax50,755,570,30,19,65.36697387695312,weka.classifiers.functions.Logistic,-R 0.03058989781229154
550,softmax50,785,600,30,20,65.36697387695312,weka.classifiers.functions.Logistic,-R 0.03058989781229154
550,softmax50,816,630,30,21,65.36697387695312,weka.classifiers.functions.Logistic,-R 0.03058989781229154
550,softmax50,846,660,30,22,65.36697387695312,weka.classifiers.functions.Logistic,-R 0.03058989781229154
550,softmax50,876,690,30,23,65.36697387695312,weka.classifiers.functions.Logistic,-R 0.03058989781229154
550,softmax50,906,720,30,24,65.36697387695312,weka.classifiers.functions.Logistic,-R 0.03058989781229154
550,softmax50,936,750,30,25,65.36697387695312,weka.classifiers.functions.Logistic,-R 0.03058989781229154
550,softmax50,966,780,30,26,65.36697387695312,weka.classifiers.functions.Logistic,-R 0.03058989781229154
550,softmax50,997,810,30,27,65.36697387695312,weka.classifiers.functions.Logistic,-R 0.03058989781229154
550,softmax50,1027,840,30,28,65.36697387695312,weka.classifiers.functions.Logistic,-R 0.03058989781229154
550,softmax50,1057,870,30,29,65.36697387695312,weka.classifiers.functions.Logistic,-R 0.03058989781229154
550,softmax50,1087,900,30,30,65.36697387695312,weka.classifiers.functions.Logistic,-R 0.03058989781229154
550,softmax50,1117,930,30,31,65.36697387695312,weka.classifiers.functions.Logistic,-R 0.03058989781229154
550,softmax50,1148,960,30,32,65.36697387695312,weka.classifiers.functions.Logistic,-R 0.03058989781229154
550,softmax50,1178,990,30,33,65.36697387695312,weka.classifiers.functions.Logistic,-R 0.03058989781229154
550,softmax50,1208,1020,30,34,65.36697387695312,weka.classifiers.functions.Logistic,-R 0.03058989781229154
550,softmax50,1238,1050,30,35,65.36697387695312,weka.classifiers.functions.Logistic,-R 0.03058989781229154
550,softmax50,1268,1080,30,36,65.36697387695312,weka.classifiers.functions.Logistic,-R 0.03058989781229154
550,softmax50,1298,1110,30,37,65.36697387695312,weka.classifiers.functions.Logistic,-R 0.03058989781229154
550,softmax50,1329,1140,30,38,65.36697387695312,weka.classifiers.functions.Logistic,-R 0.03058989781229154
550,softmax50,1359,1170,30,39,65.36697387695312,weka.classifiers.functions.Logistic,-R 0.03058989781229154
550,softmax50,1389,1200,30,40,65.36697387695312,weka.classifiers.functions.Logistic,-R 0.03058989781229154
