737,softmax50,242,60,30,2,12.540192604064941,weka.classifiers.functions.Logistic,-R 2.407169320857391E-11
737,softmax50,272,90,30,3,12.540192604064941,weka.classifiers.functions.Logistic,-R 2.407169320857391E-11
737,softmax50,302,120,30,4,12.540192604064941,weka.classifiers.functions.Logistic,-R 2.407169320857391E-11
737,softmax50,333,150,30,5,12.540192604064941,weka.classifiers.functions.Logistic,-R 2.407169320857391E-11
737,softmax50,363,180,30,6,12.540192604064941,weka.classifiers.functions.Logistic,-R 2.407169320857391E-11
737,softmax50,393,210,30,7,12.540192604064941,weka.classifiers.functions.Logistic,-R 2.407169320857391E-11
737,softmax50,423,240,30,8,12.540192604064941,weka.classifiers.functions.Logistic,-R 2.407169320857391E-11
737,softmax50,453,270,30,9,12.540192604064941,weka.classifiers.functions.Logistic,-R 2.407169320857391E-11
737,softmax50,483,300,30,10,12.540192604064941,weka.classifiers.functions.Logistic,-R 2.407169320857391E-11
737,softmax50,513,330,30,11,12.540192604064941,weka.classifiers.functions.Logistic,-R 2.407169320857391E-11
737,softmax50,544,360,30,12,12.540192604064941,weka.classifiers.functions.Logistic,-R 2.407169320857391E-11
737,softmax50,574,390,30,13,12.540192604064941,weka.classifiers.functions.Logistic,-R 2.407169320857391E-11
737,softmax50,604,420,30,14,12.540192604064941,weka.classifiers.functions.Logistic,-R 2.407169320857391E-11
737,softmax50,634,450,30,15,12.540192604064941,weka.classifiers.functions.Logistic,-R 2.407169320857391E-11
737,softmax50,664,480,30,16,12.540192604064941,weka.classifiers.functions.Logistic,-R 2.407169320857391E-11
737,softmax50,695,510,30,17,12.540192604064941,weka.classifiers.functions.Logistic,-R 2.407169320857391E-11
737,softmax50,725,540,30,18,12.540192604064941,weka.classifiers.functions.Logistic,-R 2.407169320857391E-11
737,softmax50,755,570,30,19,12.540192604064941,weka.classifiers.functions.Logistic,-R 2.407169320857391E-11
737,softmax50,785,600,30,20,12.540192604064941,weka.classifiers.functions.Logistic,-R 2.407169320857391E-11
737,softmax50,815,630,30,21,12.540192604064941,weka.classifiers.functions.Logistic,-R 2.407169320857391E-11
737,softmax50,845,660,30,22,12.540192604064941,weka.classifiers.functions.Logistic,-R 2.407169320857391E-11
737,softmax50,876,690,30,23,12.540192604064941,weka.classifiers.functions.Logistic,-R 2.407169320857391E-11
737,softmax50,906,720,30,24,12.540192604064941,weka.classifiers.functions.Logistic,-R 2.407169320857391E-11
737,softmax50,936,750,30,25,12.540192604064941,weka.classifiers.functions.Logistic,-R 2.407169320857391E-11
737,softmax50,966,780,30,26,12.540192604064941,weka.classifiers.functions.Logistic,-R 2.407169320857391E-11
737,softmax50,996,810,30,27,12.540192604064941,weka.classifiers.functions.Logistic,-R 2.407169320857391E-11
737,softmax50,1026,840,30,28,12.540192604064941,weka.classifiers.functions.Logistic,-R 2.407169320857391E-11
737,softmax50,1057,870,30,29,12.540192604064941,weka.classifiers.functions.Logistic,-R 2.407169320857391E-11
737,softmax50,1087,900,30,30,12.540192604064941,weka.classifiers.functions.Logistic,-R 2.407169320857391E-11
737,softmax50,1117,930,30,31,12.540192604064941,weka.classifiers.functions.Logistic,-R 2.407169320857391E-11
737,softmax50,1147,960,30,32,12.540192604064941,weka.classifiers.functions.Logistic,-R 2.407169320857391E-11
737,softmax50,1177,990,30,33,12.540192604064941,weka.classifiers.functions.Logistic,-R 2.407169320857391E-11
737,softmax50,1207,1020,30,34,12.540192604064941,weka.classifiers.functions.Logistic,-R 2.407169320857391E-11
737,softmax50,1238,1050,30,35,12.540192604064941,weka.classifiers.functions.Logistic,-R 2.407169320857391E-11
737,softmax50,1268,1080,30,36,12.540192604064941,weka.classifiers.functions.Logistic,-R 2.407169320857391E-11
737,softmax50,1298,1110,30,37,12.540192604064941,weka.classifiers.functions.Logistic,-R 2.407169320857391E-11
737,softmax50,1328,1140,30,38,12.540192604064941,weka.classifiers.functions.Logistic,-R 2.407169320857391E-11
737,softmax50,1358,1170,30,39,12.540192604064941,weka.classifiers.functions.Logistic,-R 2.407169320857391E-11
737,softmax50,1388,1200,30,40,12.540192604064941,weka.classifiers.functions.Logistic,-R 2.407169320857391E-11
