519,softmax50,241,60,30,2,68.42105102539062,weka.classifiers.functions.Logistic,-R 0.0900831526839511
519,softmax50,271,90,30,3,68.42105102539062,weka.classifiers.functions.Logistic,-R 0.0900831526839511
519,softmax50,301,120,30,4,68.42105102539062,weka.classifiers.functions.Logistic,-R 0.0900831526839511
519,softmax50,331,150,30,5,68.42105102539062,weka.classifiers.functions.Logistic,-R 0.0900831526839511
519,softmax50,361,180,30,6,68.42105102539062,weka.classifiers.functions.Logistic,-R 0.0900831526839511
519,softmax50,392,210,30,7,68.42105102539062,weka.classifiers.functions.Logistic,-R 0.0900831526839511
519,softmax50,422,240,30,8,68.42105102539062,weka.classifiers.functions.Logistic,-R 0.0900831526839511
519,softmax50,452,270,30,9,68.42105102539062,weka.classifiers.functions.Logistic,-R 0.0900831526839511
519,softmax50,482,300,30,10,68.42105102539062,weka.classifiers.functions.Logistic,-R 0.0900831526839511
519,softmax50,512,330,30,11,68.42105102539062,weka.classifiers.functions.Logistic,-R 0.0900831526839511
519,softmax50,542,360,30,12,68.42105102539062,weka.classifiers.functions.Logistic,-R 0.0900831526839511
519,softmax50,572,390,30,13,68.42105102539062,weka.classifiers.functions.Logistic,-R 0.0900831526839511
519,softmax50,603,420,30,14,68.42105102539062,weka.classifiers.functions.Logistic,-R 0.0900831526839511
519,softmax50,633,450,30,15,68.42105102539062,weka.classifiers.functions.Logistic,-R 0.0900831526839511
519,softmax50,663,480,30,16,68.42105102539062,weka.classifiers.functions.Logistic,-R 0.0900831526839511
519,softmax50,693,510,30,17,68.42105102539062,weka.classifiers.functions.Logistic,-R 0.0900831526839511
519,softmax50,723,540,30,18,68.42105102539062,weka.classifiers.functions.Logistic,-R 0.0900831526839511
519,softmax50,753,570,30,19,68.42105102539062,weka.classifiers.functions.Logistic,-R 0.0900831526839511
519,softmax50,783,600,30,20,68.42105102539062,weka.classifiers.functions.Logistic,-R 0.0900831526839511
519,softmax50,814,630,30,21,68.42105102539062,weka.classifiers.functions.Logistic,-R 0.0900831526839511
519,softmax50,844,660,30,22,68.42105102539062,weka.classifiers.functions.Logistic,-R 0.0900831526839511
519,softmax50,874,690,30,23,68.42105102539062,weka.classifiers.functions.Logistic,-R 0.0900831526839511
519,softmax50,904,720,30,24,68.42105102539062,weka.classifiers.functions.Logistic,-R 0.0900831526839511
519,softmax50,934,750,30,25,68.42105102539062,weka.classifiers.functions.Logistic,-R 0.0900831526839511
519,softmax50,964,780,30,26,68.42105102539062,weka.classifiers.functions.Logistic,-R 0.0900831526839511
519,softmax50,995,810,30,27,68.42105102539062,weka.classifiers.functions.Logistic,-R 0.0900831526839511
519,softmax50,1025,840,30,28,68.42105102539062,weka.classifiers.functions.Logistic,-R 0.0900831526839511
519,softmax50,1055,870,30,29,68.42105102539062,weka.classifiers.functions.Logistic,-R 0.0900831526839511
519,softmax50,1085,900,30,30,68.42105102539062,weka.classifiers.functions.Logistic,-R 0.0900831526839511
519,softmax50,1115,930,30,31,68.42105102539062,weka.classifiers.functions.Logistic,-R 0.0900831526839511
519,softmax50,1145,960,30,32,68.42105102539062,weka.classifiers.functions.Logistic,-R 0.0900831526839511
519,softmax50,1176,990,30,33,68.42105102539062,weka.classifiers.functions.Logistic,-R 0.0900831526839511
519,softmax50,1206,1020,30,34,68.42105102539062,weka.classifiers.functions.Logistic,-R 0.0900831526839511
519,softmax50,1236,1050,30,35,68.42105102539062,weka.classifiers.functions.Logistic,-R 0.0900831526839511
519,softmax50,1266,1080,30,36,68.42105102539062,weka.classifiers.functions.Logistic,-R 0.0900831526839511
519,softmax50,1296,1110,30,37,68.42105102539062,weka.classifiers.functions.Logistic,-R 0.0900831526839511
519,softmax50,1326,1140,30,38,68.42105102539062,weka.classifiers.functions.Logistic,-R 0.0900831526839511
519,softmax50,1357,1170,30,39,68.42105102539062,weka.classifiers.functions.Logistic,-R 0.0900831526839511
519,softmax50,1387,1200,30,40,68.42105102539062,weka.classifiers.functions.Logistic,-R 0.0900831526839511
