488,softmax50,241,60,30,2,13.793103218078613,weka.classifiers.functions.Logistic,-R 0.001562207144950732
488,softmax50,271,90,30,3,13.793103218078613,weka.classifiers.functions.Logistic,-R 0.001562207144950732
488,softmax50,301,120,30,4,13.793103218078613,weka.classifiers.functions.Logistic,-R 0.001562207144950732
488,softmax50,331,150,30,5,13.793103218078613,weka.classifiers.functions.Logistic,-R 0.001562207144950732
488,softmax50,362,180,30,6,13.793103218078613,weka.classifiers.functions.Logistic,-R 0.001562207144950732
488,softmax50,392,210,30,7,13.793103218078613,weka.classifiers.functions.Logistic,-R 0.001562207144950732
488,softmax50,422,240,30,8,13.793103218078613,weka.classifiers.functions.Logistic,-R 0.001562207144950732
488,softmax50,452,270,30,9,13.793103218078613,weka.classifiers.functions.Logistic,-R 0.001562207144950732
488,softmax50,482,300,30,10,13.793103218078613,weka.classifiers.functions.Logistic,-R 0.001562207144950732
488,softmax50,512,330,30,11,13.793103218078613,weka.classifiers.functions.Logistic,-R 0.001562207144950732
488,softmax50,543,360,30,12,13.793103218078613,weka.classifiers.functions.Logistic,-R 0.001562207144950732
488,softmax50,573,390,30,13,13.793103218078613,weka.classifiers.functions.Logistic,-R 0.001562207144950732
488,softmax50,603,420,30,14,13.793103218078613,weka.classifiers.functions.Logistic,-R 0.001562207144950732
488,softmax50,633,450,30,15,13.793103218078613,weka.classifiers.functions.Logistic,-R 0.001562207144950732
488,softmax50,663,480,30,16,13.793103218078613,weka.classifiers.functions.Logistic,-R 0.001562207144950732
488,softmax50,693,510,30,17,13.793103218078613,weka.classifiers.functions.Logistic,-R 0.001562207144950732
488,softmax50,724,540,30,18,13.793103218078613,weka.classifiers.functions.Logistic,-R 0.001562207144950732
488,softmax50,754,570,30,19,13.793103218078613,weka.classifiers.functions.Logistic,-R 0.001562207144950732
488,softmax50,784,600,30,20,13.793103218078613,weka.classifiers.functions.Logistic,-R 0.001562207144950732
488,softmax50,814,630,30,21,13.793103218078613,weka.classifiers.functions.Logistic,-R 0.001562207144950732
488,softmax50,844,660,30,22,13.793103218078613,weka.classifiers.functions.Logistic,-R 0.001562207144950732
488,softmax50,874,690,30,23,13.793103218078613,weka.classifiers.functions.Logistic,-R 0.001562207144950732
488,softmax50,905,720,30,24,13.793103218078613,weka.classifiers.functions.Logistic,-R 0.001562207144950732
488,softmax50,935,750,30,25,13.793103218078613,weka.classifiers.functions.Logistic,-R 0.001562207144950732
488,softmax50,965,780,30,26,13.793103218078613,weka.classifiers.functions.Logistic,-R 0.001562207144950732
488,softmax50,995,810,30,27,13.793103218078613,weka.classifiers.functions.Logistic,-R 0.001562207144950732
488,softmax50,1025,840,30,28,13.793103218078613,weka.classifiers.functions.Logistic,-R 0.001562207144950732
488,softmax50,1055,870,30,29,13.793103218078613,weka.classifiers.functions.Logistic,-R 0.001562207144950732
488,softmax50,1086,900,30,30,13.793103218078613,weka.classifiers.functions.Logistic,-R 0.001562207144950732
488,softmax50,1116,930,30,31,13.793103218078613,weka.classifiers.functions.Logistic,-R 0.001562207144950732
488,softmax50,1146,960,30,32,13.793103218078613,weka.classifiers.functions.Logistic,-R 0.001562207144950732
488,softmax50,1176,990,30,33,13.793103218078613,weka.classifiers.functions.Logistic,-R 0.001562207144950732
488,softmax50,1206,1020,30,34,13.793103218078613,weka.classifiers.functions.Logistic,-R 0.001562207144950732
488,softmax50,1236,1050,30,35,13.793103218078613,weka.classifiers.functions.Logistic,-R 0.001562207144950732
488,softmax50,1267,1080,30,36,13.793103218078613,weka.classifiers.functions.Logistic,-R 0.001562207144950732
488,softmax50,1297,1110,30,37,13.793103218078613,weka.classifiers.functions.Logistic,-R 0.001562207144950732
488,softmax50,1327,1140,30,38,13.793103218078613,weka.classifiers.functions.Logistic,-R 0.001562207144950732
488,softmax50,1357,1170,30,39,13.793103218078613,weka.classifiers.functions.Logistic,-R 0.001562207144950732
488,softmax50,1387,1200,30,40,13.793103218078613,weka.classifiers.functions.Logistic,-R 0.001562207144950732
