1531,softmax50,243,60,30,2,2.652259349822998,weka.classifiers.functions.Logistic,-R 0.03058989781229154
1531,softmax50,273,90,30,3,2.652259349822998,weka.classifiers.functions.Logistic,-R 0.03058989781229154
1531,softmax50,303,120,30,4,2.652259349822998,weka.classifiers.functions.Logistic,-R 0.03058989781229154
1531,softmax50,333,150,30,5,2.652259349822998,weka.classifiers.functions.Logistic,-R 0.03058989781229154
1531,softmax50,363,180,30,6,2.652259349822998,weka.classifiers.functions.Logistic,-R 0.03058989781229154
1531,softmax50,394,210,30,7,2.652259349822998,weka.classifiers.functions.Logistic,-R 0.03058989781229154
1531,softmax50,424,240,30,8,2.652259349822998,weka.classifiers.functions.Logistic,-R 0.03058989781229154
1531,softmax50,454,270,30,9,2.652259349822998,weka.classifiers.functions.Logistic,-R 0.03058989781229154
1531,softmax50,484,300,30,10,2.652259349822998,weka.classifiers.functions.Logistic,-R 0.03058989781229154
1531,softmax50,514,330,30,11,2.652259349822998,weka.classifiers.functions.Logistic,-R 0.03058989781229154
1531,softmax50,544,360,30,12,2.652259349822998,weka.classifiers.functions.Logistic,-R 0.03058989781229154
1531,softmax50,575,390,30,13,2.652259349822998,weka.classifiers.functions.Logistic,-R 0.03058989781229154
1531,softmax50,605,420,30,14,2.652259349822998,weka.classifiers.functions.Logistic,-R 0.03058989781229154
1531,softmax50,635,450,30,15,2.652259349822998,weka.classifiers.functions.Logistic,-R 0.03058989781229154
1531,softmax50,665,480,30,16,2.652259349822998,weka.classifiers.functions.Logistic,-R 0.03058989781229154
1531,softmax50,695,510,30,17,2.652259349822998,weka.classifiers.functions.Logistic,-R 0.03058989781229154
1531,softmax50,725,540,30,18,2.652259349822998,weka.classifiers.functions.Logistic,-R 0.03058989781229154
1531,softmax50,756,570,30,19,2.652259349822998,weka.classifiers.functions.Logistic,-R 0.03058989781229154
1531,softmax50,786,600,30,20,2.652259349822998,weka.classifiers.functions.Logistic,-R 0.03058989781229154
1531,softmax50,816,630,30,21,2.652259349822998,weka.classifiers.functions.Logistic,-R 0.03058989781229154
1531,softmax50,846,660,30,22,2.652259349822998,weka.classifiers.functions.Logistic,-R 0.03058989781229154
1531,softmax50,876,690,30,23,2.652259349822998,weka.classifiers.functions.Logistic,-R 0.03058989781229154
1531,softmax50,906,720,30,24,2.652259349822998,weka.classifiers.functions.Logistic,-R 0.03058989781229154
1531,softmax50,937,750,30,25,2.652259349822998,weka.classifiers.functions.Logistic,-R 0.03058989781229154
1531,softmax50,967,780,30,26,2.652259349822998,weka.classifiers.functions.Logistic,-R 0.03058989781229154
1531,softmax50,997,810,30,27,2.652259349822998,weka.classifiers.functions.Logistic,-R 0.03058989781229154
1531,softmax50,1027,840,30,28,2.652259349822998,weka.classifiers.functions.Logistic,-R 0.03058989781229154
1531,softmax50,1057,870,30,29,2.652259349822998,weka.classifiers.functions.Logistic,-R 0.03058989781229154
1531,softmax50,1088,900,30,30,2.652259349822998,weka.classifiers.functions.Logistic,-R 0.03058989781229154
1531,softmax50,1118,930,30,31,2.652259349822998,weka.classifiers.functions.Logistic,-R 0.03058989781229154
1531,softmax50,1148,960,30,32,2.652259349822998,weka.classifiers.functions.Logistic,-R 0.03058989781229154
1531,softmax50,1178,990,30,33,2.652259349822998,weka.classifiers.functions.Logistic,-R 0.03058989781229154
1531,softmax50,1208,1020,30,34,2.652259349822998,weka.classifiers.functions.Logistic,-R 0.03058989781229154
1531,softmax50,1238,1050,30,35,2.652259349822998,weka.classifiers.functions.Logistic,-R 0.03058989781229154
1531,softmax50,1269,1080,30,36,2.652259349822998,weka.classifiers.functions.Logistic,-R 0.03058989781229154
1531,softmax50,1299,1110,30,37,2.652259349822998,weka.classifiers.functions.Logistic,-R 0.03058989781229154
1531,softmax50,1329,1140,30,38,2.652259349822998,weka.classifiers.functions.Logistic,-R 0.03058989781229154
1531,softmax50,1359,1170,30,39,2.652259349822998,weka.classifiers.functions.Logistic,-R 0.03058989781229154
1531,softmax50,1389,1200,30,40,2.652259349822998,weka.classifiers.functions.Logistic,-R 0.03058989781229154
