1546,softmax50,241,60,30,2,8.742415428161621,weka.classifiers.functions.Logistic,-R 4.7605820943826115E-7
1546,softmax50,271,90,30,3,8.742415428161621,weka.classifiers.functions.Logistic,-R 4.7605820943826115E-7
1546,softmax50,301,120,30,4,8.742415428161621,weka.classifiers.functions.Logistic,-R 4.7605820943826115E-7
1546,softmax50,331,150,30,5,8.742415428161621,weka.classifiers.functions.Logistic,-R 4.7605820943826115E-7
1546,softmax50,362,180,30,6,8.742415428161621,weka.classifiers.functions.Logistic,-R 4.7605820943826115E-7
1546,softmax50,392,210,30,7,8.742415428161621,weka.classifiers.functions.Logistic,-R 4.7605820943826115E-7
1546,softmax50,422,240,30,8,8.742415428161621,weka.classifiers.functions.Logistic,-R 4.7605820943826115E-7
1546,softmax50,452,270,30,9,8.742415428161621,weka.classifiers.functions.Logistic,-R 4.7605820943826115E-7
1546,softmax50,482,300,30,10,8.742415428161621,weka.classifiers.functions.Logistic,-R 4.7605820943826115E-7
1546,softmax50,512,330,30,11,8.742415428161621,weka.classifiers.functions.Logistic,-R 4.7605820943826115E-7
1546,softmax50,542,360,30,12,8.742415428161621,weka.classifiers.functions.Logistic,-R 4.7605820943826115E-7
1546,softmax50,573,390,30,13,8.742415428161621,weka.classifiers.functions.Logistic,-R 4.7605820943826115E-7
1546,softmax50,603,420,30,14,8.742415428161621,weka.classifiers.functions.Logistic,-R 4.7605820943826115E-7
1546,softmax50,633,450,30,15,8.742415428161621,weka.classifiers.functions.Logistic,-R 4.7605820943826115E-7
1546,softmax50,663,480,30,16,8.742415428161621,weka.classifiers.functions.Logistic,-R 4.7605820943826115E-7
1546,softmax50,693,510,30,17,8.742415428161621,weka.classifiers.functions.Logistic,-R 4.7605820943826115E-7
1546,softmax50,724,540,30,18,8.742415428161621,weka.classifiers.functions.Logistic,-R 4.7605820943826115E-7
1546,softmax50,754,570,30,19,8.742415428161621,weka.classifiers.functions.Logistic,-R 4.7605820943826115E-7
1546,softmax50,784,600,30,20,8.742415428161621,weka.classifiers.functions.Logistic,-R 4.7605820943826115E-7
1546,softmax50,814,630,30,21,8.742415428161621,weka.classifiers.functions.Logistic,-R 4.7605820943826115E-7
1546,softmax50,844,660,30,22,8.742415428161621,weka.classifiers.functions.Logistic,-R 4.7605820943826115E-7
1546,softmax50,874,690,30,23,8.742415428161621,weka.classifiers.functions.Logistic,-R 4.7605820943826115E-7
1546,softmax50,905,720,30,24,8.742415428161621,weka.classifiers.functions.Logistic,-R 4.7605820943826115E-7
1546,softmax50,935,750,30,25,8.742415428161621,weka.classifiers.functions.Logistic,-R 4.7605820943826115E-7
1546,softmax50,965,780,30,26,8.742415428161621,weka.classifiers.functions.Logistic,-R 4.7605820943826115E-7
1546,softmax50,995,810,30,27,8.742415428161621,weka.classifiers.functions.Logistic,-R 4.7605820943826115E-7
1546,softmax50,1025,840,30,28,8.742415428161621,weka.classifiers.functions.Logistic,-R 4.7605820943826115E-7
1546,softmax50,1056,870,30,29,8.742415428161621,weka.classifiers.functions.Logistic,-R 4.7605820943826115E-7
1546,softmax50,1086,900,30,30,8.742415428161621,weka.classifiers.functions.Logistic,-R 4.7605820943826115E-7
1546,softmax50,1116,930,30,31,8.742415428161621,weka.classifiers.functions.Logistic,-R 4.7605820943826115E-7
1546,softmax50,1146,960,30,32,8.742415428161621,weka.classifiers.functions.Logistic,-R 4.7605820943826115E-7
1546,softmax50,1176,990,30,33,8.742415428161621,weka.classifiers.functions.Logistic,-R 4.7605820943826115E-7
1546,softmax50,1207,1020,30,34,8.742415428161621,weka.classifiers.functions.Logistic,-R 4.7605820943826115E-7
1546,softmax50,1237,1050,30,35,8.742415428161621,weka.classifiers.functions.Logistic,-R 4.7605820943826115E-7
1546,softmax50,1267,1080,30,36,8.742415428161621,weka.classifiers.functions.Logistic,-R 4.7605820943826115E-7
1546,softmax50,1297,1110,30,37,8.742415428161621,weka.classifiers.functions.Logistic,-R 4.7605820943826115E-7
1546,softmax50,1327,1140,30,38,8.742415428161621,weka.classifiers.functions.Logistic,-R 4.7605820943826115E-7
1546,softmax50,1358,1170,30,39,8.742415428161621,weka.classifiers.functions.Logistic,-R 4.7605820943826115E-7
1546,softmax50,1388,1200,30,40,8.742415428161621,weka.classifiers.functions.Logistic,-R 4.7605820943826115E-7
