771,softmax50,242,60,30,2,18.18181800842285,weka.classifiers.functions.Logistic,-R 0.03058989781229154
771,softmax50,272,90,30,3,18.18181800842285,weka.classifiers.functions.Logistic,-R 0.03058989781229154
771,softmax50,302,120,30,4,18.18181800842285,weka.classifiers.functions.Logistic,-R 0.03058989781229154
771,softmax50,333,150,30,5,18.18181800842285,weka.classifiers.functions.Logistic,-R 0.03058989781229154
771,softmax50,363,180,30,6,18.18181800842285,weka.classifiers.functions.Logistic,-R 0.03058989781229154
771,softmax50,393,210,30,7,18.18181800842285,weka.classifiers.functions.Logistic,-R 0.03058989781229154
771,softmax50,423,240,30,8,18.18181800842285,weka.classifiers.functions.Logistic,-R 0.03058989781229154
771,softmax50,453,270,30,9,18.18181800842285,weka.classifiers.functions.Logistic,-R 0.03058989781229154
771,softmax50,484,300,30,10,18.18181800842285,weka.classifiers.functions.Logistic,-R 0.03058989781229154
771,softmax50,514,330,30,11,18.18181800842285,weka.classifiers.functions.Logistic,-R 0.03058989781229154
771,softmax50,544,360,30,12,18.18181800842285,weka.classifiers.functions.Logistic,-R 0.03058989781229154
771,softmax50,575,390,30,13,18.18181800842285,weka.classifiers.functions.Logistic,-R 0.03058989781229154
771,softmax50,605,420,30,14,18.18181800842285,weka.classifiers.functions.Logistic,-R 0.03058989781229154
771,softmax50,635,450,30,15,18.18181800842285,weka.classifiers.functions.Logistic,-R 0.03058989781229154
771,softmax50,665,480,30,16,18.18181800842285,weka.classifiers.functions.Logistic,-R 0.03058989781229154
771,softmax50,696,510,30,17,18.18181800842285,weka.classifiers.functions.Logistic,-R 0.03058989781229154
771,softmax50,726,540,30,18,18.18181800842285,weka.classifiers.functions.Logistic,-R 0.03058989781229154
771,softmax50,756,570,30,19,18.18181800842285,weka.classifiers.functions.Logistic,-R 0.03058989781229154
771,softmax50,786,600,30,20,18.18181800842285,weka.classifiers.functions.Logistic,-R 0.03058989781229154
771,softmax50,817,630,30,21,18.18181800842285,weka.classifiers.functions.Logistic,-R 0.03058989781229154
771,softmax50,847,660,30,22,18.18181800842285,weka.classifiers.functions.Logistic,-R 0.03058989781229154
771,softmax50,877,690,30,23,18.18181800842285,weka.classifiers.functions.Logistic,-R 0.03058989781229154
771,softmax50,907,720,30,24,18.18181800842285,weka.classifiers.functions.Logistic,-R 0.03058989781229154
771,softmax50,937,750,30,25,18.18181800842285,weka.classifiers.functions.Logistic,-R 0.03058989781229154
771,softmax50,967,780,30,26,18.18181800842285,weka.classifiers.functions.Logistic,-R 0.03058989781229154
771,softmax50,998,810,30,27,18.18181800842285,weka.classifiers.functions.Logistic,-R 0.03058989781229154
771,softmax50,1028,840,30,28,18.18181800842285,weka.classifiers.functions.Logistic,-R 0.03058989781229154
771,softmax50,1058,870,30,29,18.18181800842285,weka.classifiers.functions.Logistic,-R 0.03058989781229154
771,softmax50,1088,900,30,30,18.18181800842285,weka.classifiers.functions.Logistic,-R 0.03058989781229154
771,softmax50,1118,930,30,31,18.18181800842285,weka.classifiers.functions.Logistic,-R 0.03058989781229154
771,softmax50,1149,960,30,32,18.18181800842285,weka.classifiers.functions.Logistic,-R 0.03058989781229154
771,softmax50,1179,990,30,33,18.18181800842285,weka.classifiers.functions.Logistic,-R 0.03058989781229154
771,softmax50,1209,1020,30,34,18.18181800842285,weka.classifiers.functions.Logistic,-R 0.03058989781229154
771,softmax50,1239,1050,30,35,18.18181800842285,weka.classifiers.functions.Logistic,-R 0.03058989781229154
771,softmax50,1269,1080,30,36,18.18181800842285,weka.classifiers.functions.Logistic,-R 0.03058989781229154
771,softmax50,1300,1110,30,37,18.18181800842285,weka.classifiers.functions.Logistic,-R 0.03058989781229154
771,softmax50,1330,1140,30,38,18.18181800842285,weka.classifiers.functions.Logistic,-R 0.03058989781229154
771,softmax50,1360,1170,30,39,18.18181800842285,weka.classifiers.functions.Logistic,-R 0.03058989781229154
771,softmax50,1390,1200,30,40,18.18181800842285,weka.classifiers.functions.Logistic,-R 0.03058989781229154
