686,softmax50,241,60,30,2,65.38461303710938,weka.classifiers.functions.Logistic,-R 1.4848476066996498E-10
686,softmax50,271,90,30,3,65.38461303710938,weka.classifiers.functions.Logistic,-R 1.4848476066996498E-10
686,softmax50,302,120,30,4,65.38461303710938,weka.classifiers.functions.Logistic,-R 1.4848476066996498E-10
686,softmax50,332,150,30,5,65.38461303710938,weka.classifiers.functions.Logistic,-R 1.4848476066996498E-10
686,softmax50,362,180,30,6,65.38461303710938,weka.classifiers.functions.Logistic,-R 1.4848476066996498E-10
686,softmax50,392,210,30,7,65.38461303710938,weka.classifiers.functions.Logistic,-R 1.4848476066996498E-10
686,softmax50,422,240,30,8,65.38461303710938,weka.classifiers.functions.Logistic,-R 1.4848476066996498E-10
686,softmax50,453,270,30,9,65.38461303710938,weka.classifiers.functions.Logistic,-R 1.4848476066996498E-10
686,softmax50,483,300,30,10,65.38461303710938,weka.classifiers.functions.Logistic,-R 1.4848476066996498E-10
686,softmax50,513,330,30,11,65.38461303710938,weka.classifiers.functions.Logistic,-R 1.4848476066996498E-10
686,softmax50,543,360,30,12,65.38461303710938,weka.classifiers.functions.Logistic,-R 1.4848476066996498E-10
686,softmax50,573,390,30,13,65.38461303710938,weka.classifiers.functions.Logistic,-R 1.4848476066996498E-10
686,softmax50,604,420,30,14,65.38461303710938,weka.classifiers.functions.Logistic,-R 1.4848476066996498E-10
686,softmax50,634,450,30,15,65.38461303710938,weka.classifiers.functions.Logistic,-R 1.4848476066996498E-10
686,softmax50,664,480,30,16,65.38461303710938,weka.classifiers.functions.Logistic,-R 1.4848476066996498E-10
686,softmax50,694,510,30,17,65.38461303710938,weka.classifiers.functions.Logistic,-R 1.4848476066996498E-10
686,softmax50,724,540,30,18,65.38461303710938,weka.classifiers.functions.Logistic,-R 1.4848476066996498E-10
686,softmax50,754,570,30,19,65.38461303710938,weka.classifiers.functions.Logistic,-R 1.4848476066996498E-10
686,softmax50,785,600,30,20,65.38461303710938,weka.classifiers.functions.Logistic,-R 1.4848476066996498E-10
686,softmax50,815,630,30,21,65.38461303710938,weka.classifiers.functions.Logistic,-R 1.4848476066996498E-10
686,softmax50,845,660,30,22,65.38461303710938,weka.classifiers.functions.Logistic,-R 1.4848476066996498E-10
686,softmax50,875,690,30,23,65.38461303710938,weka.classifiers.functions.Logistic,-R 1.4848476066996498E-10
686,softmax50,905,720,30,24,65.38461303710938,weka.classifiers.functions.Logistic,-R 1.4848476066996498E-10
686,softmax50,936,750,30,25,65.38461303710938,weka.classifiers.functions.Logistic,-R 1.4848476066996498E-10
686,softmax50,966,780,30,26,65.38461303710938,weka.classifiers.functions.Logistic,-R 1.4848476066996498E-10
686,softmax50,996,810,30,27,65.38461303710938,weka.classifiers.functions.Logistic,-R 1.4848476066996498E-10
686,softmax50,1026,840,30,28,65.38461303710938,weka.classifiers.functions.Logistic,-R 1.4848476066996498E-10
686,softmax50,1057,870,30,29,65.38461303710938,weka.classifiers.functions.Logistic,-R 1.4848476066996498E-10
686,softmax50,1087,900,30,30,65.38461303710938,weka.classifiers.functions.Logistic,-R 1.4848476066996498E-10
686,softmax50,1117,930,30,31,65.38461303710938,weka.classifiers.functions.Logistic,-R 1.4848476066996498E-10
686,softmax50,1147,960,30,32,65.38461303710938,weka.classifiers.functions.Logistic,-R 1.4848476066996498E-10
686,softmax50,1177,990,30,33,65.38461303710938,weka.classifiers.functions.Logistic,-R 1.4848476066996498E-10
686,softmax50,1208,1020,30,34,65.38461303710938,weka.classifiers.functions.Logistic,-R 1.4848476066996498E-10
686,softmax50,1238,1050,30,35,65.38461303710938,weka.classifiers.functions.Logistic,-R 1.4848476066996498E-10
686,softmax50,1268,1080,30,36,65.38461303710938,weka.classifiers.functions.Logistic,-R 1.4848476066996498E-10
686,softmax50,1298,1110,30,37,65.38461303710938,weka.classifiers.functions.Logistic,-R 1.4848476066996498E-10
686,softmax50,1328,1140,30,38,65.38461303710938,weka.classifiers.functions.Logistic,-R 1.4848476066996498E-10
686,softmax50,1359,1170,30,39,65.38461303710938,weka.classifiers.functions.Logistic,-R 1.4848476066996498E-10
686,softmax50,1389,1200,30,40,65.38461303710938,weka.classifiers.functions.Logistic,-R 1.4848476066996498E-10
