1060,softmax50,241,60,30,2,9.285714149475098,weka.classifiers.functions.Logistic,-R 0.3513134938556821
1060,softmax50,271,90,30,3,9.285714149475098,weka.classifiers.functions.Logistic,-R 0.3513134938556821
1060,softmax50,301,120,30,4,9.285714149475098,weka.classifiers.functions.Logistic,-R 0.3513134938556821
1060,softmax50,331,150,30,5,9.285714149475098,weka.classifiers.functions.Logistic,-R 0.3513134938556821
1060,softmax50,361,180,30,6,9.285714149475098,weka.classifiers.functions.Logistic,-R 0.3513134938556821
1060,softmax50,392,210,30,7,9.285714149475098,weka.classifiers.functions.Logistic,-R 0.3513134938556821
1060,softmax50,422,240,30,8,9.285714149475098,weka.classifiers.functions.Logistic,-R 0.3513134938556821
1060,softmax50,452,270,30,9,9.285714149475098,weka.classifiers.functions.Logistic,-R 0.3513134938556821
1060,softmax50,482,300,30,10,9.285714149475098,weka.classifiers.functions.Logistic,-R 0.3513134938556821
1060,softmax50,512,330,30,11,9.285714149475098,weka.classifiers.functions.Logistic,-R 0.3513134938556821
1060,softmax50,542,360,30,12,9.285714149475098,weka.classifiers.functions.Logistic,-R 0.3513134938556821
1060,softmax50,572,390,30,13,9.285714149475098,weka.classifiers.functions.Logistic,-R 0.3513134938556821
1060,softmax50,603,420,30,14,9.285714149475098,weka.classifiers.functions.Logistic,-R 0.3513134938556821
1060,softmax50,633,450,30,15,9.285714149475098,weka.classifiers.functions.Logistic,-R 0.3513134938556821
1060,softmax50,663,480,30,16,9.285714149475098,weka.classifiers.functions.Logistic,-R 0.3513134938556821
1060,softmax50,693,510,30,17,9.285714149475098,weka.classifiers.functions.Logistic,-R 0.3513134938556821
1060,softmax50,723,540,30,18,9.285714149475098,weka.classifiers.functions.Logistic,-R 0.3513134938556821
1060,softmax50,753,570,30,19,9.285714149475098,weka.classifiers.functions.Logistic,-R 0.3513134938556821
1060,softmax50,783,600,30,20,9.285714149475098,weka.classifiers.functions.Logistic,-R 0.3513134938556821
1060,softmax50,814,630,30,21,9.285714149475098,weka.classifiers.functions.Logistic,-R 0.3513134938556821
1060,softmax50,844,660,30,22,9.285714149475098,weka.classifiers.functions.Logistic,-R 0.3513134938556821
1060,softmax50,874,690,30,23,9.285714149475098,weka.classifiers.functions.Logistic,-R 0.3513134938556821
1060,softmax50,904,720,30,24,9.285714149475098,weka.classifiers.functions.Logistic,-R 0.3513134938556821
1060,softmax50,934,750,30,25,9.285714149475098,weka.classifiers.functions.Logistic,-R 0.3513134938556821
1060,softmax50,964,780,30,26,9.285714149475098,weka.classifiers.functions.Logistic,-R 0.3513134938556821
1060,softmax50,994,810,30,27,9.285714149475098,weka.classifiers.functions.Logistic,-R 0.3513134938556821
1060,softmax50,1025,840,30,28,9.285714149475098,weka.classifiers.functions.Logistic,-R 0.3513134938556821
1060,softmax50,1055,870,30,29,9.285714149475098,weka.classifiers.functions.Logistic,-R 0.3513134938556821
1060,softmax50,1085,900,30,30,9.285714149475098,weka.classifiers.functions.Logistic,-R 0.3513134938556821
1060,softmax50,1115,930,30,31,9.285714149475098,weka.classifiers.functions.Logistic,-R 0.3513134938556821
1060,softmax50,1145,960,30,32,9.285714149475098,weka.classifiers.functions.Logistic,-R 0.3513134938556821
1060,softmax50,1175,990,30,33,9.285714149475098,weka.classifiers.functions.Logistic,-R 0.3513134938556821
1060,softmax50,1205,1020,30,34,9.285714149475098,weka.classifiers.functions.Logistic,-R 0.3513134938556821
1060,softmax50,1236,1050,30,35,9.285714149475098,weka.classifiers.functions.Logistic,-R 0.3513134938556821
1060,softmax50,1266,1080,30,36,9.285714149475098,weka.classifiers.functions.Logistic,-R 0.3513134938556821
1060,softmax50,1296,1110,30,37,9.285714149475098,weka.classifiers.functions.Logistic,-R 0.3513134938556821
1060,softmax50,1326,1140,30,38,9.285714149475098,weka.classifiers.functions.Logistic,-R 0.3513134938556821
1060,softmax50,1356,1170,30,39,9.285714149475098,weka.classifiers.functions.Logistic,-R 0.3513134938556821
1060,softmax50,1386,1200,30,40,9.285714149475098,weka.classifiers.functions.Logistic,-R 0.3513134938556821
