459,softmax50,242,60,30,2,11.11111068725586,weka.classifiers.functions.Logistic,-R 5.548907780036061E-10
459,softmax50,273,90,30,3,11.11111068725586,weka.classifiers.functions.Logistic,-R 5.548907780036061E-10
459,softmax50,303,120,30,4,11.11111068725586,weka.classifiers.functions.Logistic,-R 5.548907780036061E-10
459,softmax50,333,150,30,5,11.11111068725586,weka.classifiers.functions.Logistic,-R 5.548907780036061E-10
459,softmax50,363,180,30,6,11.11111068725586,weka.classifiers.functions.Logistic,-R 5.548907780036061E-10
459,softmax50,393,210,30,7,11.11111068725586,weka.classifiers.functions.Logistic,-R 5.548907780036061E-10
459,softmax50,424,240,30,8,11.11111068725586,weka.classifiers.functions.Logistic,-R 5.548907780036061E-10
459,softmax50,454,270,30,9,11.11111068725586,weka.classifiers.functions.Logistic,-R 5.548907780036061E-10
459,softmax50,484,300,30,10,11.11111068725586,weka.classifiers.functions.Logistic,-R 5.548907780036061E-10
459,softmax50,514,330,30,11,11.11111068725586,weka.classifiers.functions.Logistic,-R 5.548907780036061E-10
459,softmax50,544,360,30,12,11.11111068725586,weka.classifiers.functions.Logistic,-R 5.548907780036061E-10
459,softmax50,575,390,30,13,11.11111068725586,weka.classifiers.functions.Logistic,-R 5.548907780036061E-10
459,softmax50,605,420,30,14,11.11111068725586,weka.classifiers.functions.Logistic,-R 5.548907780036061E-10
459,softmax50,635,450,30,15,11.11111068725586,weka.classifiers.functions.Logistic,-R 5.548907780036061E-10
459,softmax50,666,480,30,16,11.11111068725586,weka.classifiers.functions.Logistic,-R 5.548907780036061E-10
459,softmax50,696,510,30,17,11.11111068725586,weka.classifiers.functions.Logistic,-R 5.548907780036061E-10
459,softmax50,726,540,30,18,11.11111068725586,weka.classifiers.functions.Logistic,-R 5.548907780036061E-10
459,softmax50,756,570,30,19,11.11111068725586,weka.classifiers.functions.Logistic,-R 5.548907780036061E-10
459,softmax50,786,600,30,20,11.11111068725586,weka.classifiers.functions.Logistic,-R 5.548907780036061E-10
459,softmax50,816,630,30,21,11.11111068725586,weka.classifiers.functions.Logistic,-R 5.548907780036061E-10
459,softmax50,847,660,30,22,11.11111068725586,weka.classifiers.functions.Logistic,-R 5.548907780036061E-10
459,softmax50,877,690,30,23,11.11111068725586,weka.classifiers.functions.Logistic,-R 5.548907780036061E-10
459,softmax50,907,720,30,24,11.11111068725586,weka.classifiers.functions.Logistic,-R 5.548907780036061E-10
459,softmax50,937,750,30,25,11.11111068725586,weka.classifiers.functions.Logistic,-R 5.548907780036061E-10
459,softmax50,967,780,30,26,11.11111068725586,weka.classifiers.functions.Logistic,-R 5.548907780036061E-10
459,softmax50,998,810,30,27,11.11111068725586,weka.classifiers.functions.Logistic,-R 5.548907780036061E-10
459,softmax50,1028,840,30,28,11.11111068725586,weka.classifiers.functions.Logistic,-R 5.548907780036061E-10
459,softmax50,1058,870,30,29,11.11111068725586,weka.classifiers.functions.Logistic,-R 5.548907780036061E-10
459,softmax50,1088,900,30,30,11.11111068725586,weka.classifiers.functions.Logistic,-R 5.548907780036061E-10
459,softmax50,1118,930,30,31,11.11111068725586,weka.classifiers.functions.Logistic,-R 5.548907780036061E-10
459,softmax50,1148,960,30,32,11.11111068725586,weka.classifiers.functions.Logistic,-R 5.548907780036061E-10
459,softmax50,1179,990,30,33,11.11111068725586,weka.classifiers.functions.Logistic,-R 5.548907780036061E-10
459,softmax50,1209,1020,30,34,11.11111068725586,weka.classifiers.functions.Logistic,-R 5.548907780036061E-10
459,softmax50,1239,1050,30,35,11.11111068725586,weka.classifiers.functions.Logistic,-R 5.548907780036061E-10
459,softmax50,1269,1080,30,36,11.11111068725586,weka.classifiers.functions.Logistic,-R 5.548907780036061E-10
459,softmax50,1299,1110,30,37,11.11111068725586,weka.classifiers.functions.Logistic,-R 5.548907780036061E-10
459,softmax50,1330,1140,30,38,11.11111068725586,weka.classifiers.functions.Logistic,-R 5.548907780036061E-10
459,softmax50,1360,1170,30,39,11.11111068725586,weka.classifiers.functions.Logistic,-R 5.548907780036061E-10
459,softmax50,1390,1200,30,40,11.11111068725586,weka.classifiers.functions.Logistic,-R 5.548907780036061E-10
