492,softmax50,241,60,30,2,42.85714340209961,weka.classifiers.functions.Logistic,-R 4.457139394006726E-10
492,softmax50,271,90,30,3,42.85714340209961,weka.classifiers.functions.Logistic,-R 4.457139394006726E-10
492,softmax50,301,120,30,4,42.85714340209961,weka.classifiers.functions.Logistic,-R 4.457139394006726E-10
492,softmax50,332,150,30,5,42.85714340209961,weka.classifiers.functions.Logistic,-R 4.457139394006726E-10
492,softmax50,362,180,30,6,42.85714340209961,weka.classifiers.functions.Logistic,-R 4.457139394006726E-10
492,softmax50,392,210,30,7,42.85714340209961,weka.classifiers.functions.Logistic,-R 4.457139394006726E-10
492,softmax50,422,240,30,8,42.85714340209961,weka.classifiers.functions.Logistic,-R 4.457139394006726E-10
492,softmax50,452,270,30,9,42.85714340209961,weka.classifiers.functions.Logistic,-R 4.457139394006726E-10
492,softmax50,482,300,30,10,42.85714340209961,weka.classifiers.functions.Logistic,-R 4.457139394006726E-10
492,softmax50,513,330,30,11,42.85714340209961,weka.classifiers.functions.Logistic,-R 4.457139394006726E-10
492,softmax50,543,360,30,12,42.85714340209961,weka.classifiers.functions.Logistic,-R 4.457139394006726E-10
492,softmax50,573,390,30,13,42.85714340209961,weka.classifiers.functions.Logistic,-R 4.457139394006726E-10
492,softmax50,603,420,30,14,42.85714340209961,weka.classifiers.functions.Logistic,-R 4.457139394006726E-10
492,softmax50,633,450,30,15,42.85714340209961,weka.classifiers.functions.Logistic,-R 4.457139394006726E-10
492,softmax50,664,480,30,16,42.85714340209961,weka.classifiers.functions.Logistic,-R 4.457139394006726E-10
492,softmax50,694,510,30,17,42.85714340209961,weka.classifiers.functions.Logistic,-R 4.457139394006726E-10
492,softmax50,724,540,30,18,42.85714340209961,weka.classifiers.functions.Logistic,-R 4.457139394006726E-10
492,softmax50,754,570,30,19,42.85714340209961,weka.classifiers.functions.Logistic,-R 4.457139394006726E-10
492,softmax50,784,600,30,20,42.85714340209961,weka.classifiers.functions.Logistic,-R 4.457139394006726E-10
492,softmax50,814,630,30,21,42.85714340209961,weka.classifiers.functions.Logistic,-R 4.457139394006726E-10
492,softmax50,845,660,30,22,42.85714340209961,weka.classifiers.functions.Logistic,-R 4.457139394006726E-10
492,softmax50,875,690,30,23,42.85714340209961,weka.classifiers.functions.Logistic,-R 4.457139394006726E-10
492,softmax50,905,720,30,24,42.85714340209961,weka.classifiers.functions.Logistic,-R 4.457139394006726E-10
492,softmax50,935,750,30,25,42.85714340209961,weka.classifiers.functions.Logistic,-R 4.457139394006726E-10
492,softmax50,965,780,30,26,42.85714340209961,weka.classifiers.functions.Logistic,-R 4.457139394006726E-10
492,softmax50,996,810,30,27,42.85714340209961,weka.classifiers.functions.Logistic,-R 4.457139394006726E-10
492,softmax50,1026,840,30,28,42.85714340209961,weka.classifiers.functions.Logistic,-R 4.457139394006726E-10
492,softmax50,1056,870,30,29,42.85714340209961,weka.classifiers.functions.Logistic,-R 4.457139394006726E-10
492,softmax50,1086,900,30,30,42.85714340209961,weka.classifiers.functions.Logistic,-R 4.457139394006726E-10
492,softmax50,1116,930,30,31,42.85714340209961,weka.classifiers.functions.Logistic,-R 4.457139394006726E-10
492,softmax50,1146,960,30,32,42.85714340209961,weka.classifiers.functions.Logistic,-R 4.457139394006726E-10
492,softmax50,1177,990,30,33,42.85714340209961,weka.classifiers.functions.Logistic,-R 4.457139394006726E-10
492,softmax50,1207,1020,30,34,42.85714340209961,weka.classifiers.functions.Logistic,-R 4.457139394006726E-10
492,softmax50,1237,1050,30,35,42.85714340209961,weka.classifiers.functions.Logistic,-R 4.457139394006726E-10
492,softmax50,1267,1080,30,36,42.85714340209961,weka.classifiers.functions.Logistic,-R 4.457139394006726E-10
492,softmax50,1298,1110,30,37,42.85714340209961,weka.classifiers.functions.Logistic,-R 4.457139394006726E-10
492,softmax50,1328,1140,30,38,42.85714340209961,weka.classifiers.functions.Logistic,-R 4.457139394006726E-10
492,softmax50,1358,1170,30,39,42.85714340209961,weka.classifiers.functions.Logistic,-R 4.457139394006726E-10
492,softmax50,1388,1200,30,40,42.85714340209961,weka.classifiers.functions.Logistic,-R 4.457139394006726E-10
