795,softmax50,241,60,30,2,41.41414260864258,weka.classifiers.functions.Logistic,-R 0.001212808614916214
795,softmax50,272,90,30,3,41.41414260864258,weka.classifiers.functions.Logistic,-R 0.001212808614916214
795,softmax50,302,120,30,4,41.41414260864258,weka.classifiers.functions.Logistic,-R 0.001212808614916214
795,softmax50,332,150,30,5,41.41414260864258,weka.classifiers.functions.Logistic,-R 0.001212808614916214
795,softmax50,362,180,30,6,41.41414260864258,weka.classifiers.functions.Logistic,-R 0.001212808614916214
795,softmax50,392,210,30,7,41.41414260864258,weka.classifiers.functions.Logistic,-R 0.001212808614916214
795,softmax50,423,240,30,8,41.41414260864258,weka.classifiers.functions.Logistic,-R 0.001212808614916214
795,softmax50,453,270,30,9,41.41414260864258,weka.classifiers.functions.Logistic,-R 0.001212808614916214
795,softmax50,483,300,30,10,41.41414260864258,weka.classifiers.functions.Logistic,-R 0.001212808614916214
795,softmax50,513,330,30,11,41.41414260864258,weka.classifiers.functions.Logistic,-R 0.001212808614916214
795,softmax50,544,360,30,12,41.41414260864258,weka.classifiers.functions.Logistic,-R 0.001212808614916214
795,softmax50,574,390,30,13,41.41414260864258,weka.classifiers.functions.Logistic,-R 0.001212808614916214
795,softmax50,604,420,30,14,41.41414260864258,weka.classifiers.functions.Logistic,-R 0.001212808614916214
795,softmax50,634,450,30,15,41.41414260864258,weka.classifiers.functions.Logistic,-R 0.001212808614916214
795,softmax50,664,480,30,16,41.41414260864258,weka.classifiers.functions.Logistic,-R 0.001212808614916214
795,softmax50,694,510,30,17,41.41414260864258,weka.classifiers.functions.Logistic,-R 0.001212808614916214
795,softmax50,725,540,30,18,41.41414260864258,weka.classifiers.functions.Logistic,-R 0.001212808614916214
795,softmax50,755,570,30,19,41.41414260864258,weka.classifiers.functions.Logistic,-R 0.001212808614916214
795,softmax50,785,600,30,20,41.41414260864258,weka.classifiers.functions.Logistic,-R 0.001212808614916214
795,softmax50,815,630,30,21,41.41414260864258,weka.classifiers.functions.Logistic,-R 0.001212808614916214
795,softmax50,845,660,30,22,41.41414260864258,weka.classifiers.functions.Logistic,-R 0.001212808614916214
795,softmax50,875,690,30,23,41.41414260864258,weka.classifiers.functions.Logistic,-R 0.001212808614916214
795,softmax50,906,720,30,24,41.41414260864258,weka.classifiers.functions.Logistic,-R 0.001212808614916214
795,softmax50,936,750,30,25,41.41414260864258,weka.classifiers.functions.Logistic,-R 0.001212808614916214
795,softmax50,966,780,30,26,41.41414260864258,weka.classifiers.functions.Logistic,-R 0.001212808614916214
795,softmax50,996,810,30,27,41.41414260864258,weka.classifiers.functions.Logistic,-R 0.001212808614916214
795,softmax50,1026,840,30,28,41.41414260864258,weka.classifiers.functions.Logistic,-R 0.001212808614916214
795,softmax50,1057,870,30,29,41.41414260864258,weka.classifiers.functions.Logistic,-R 0.001212808614916214
795,softmax50,1087,900,30,30,41.41414260864258,weka.classifiers.functions.Logistic,-R 0.001212808614916214
795,softmax50,1117,930,30,31,41.41414260864258,weka.classifiers.functions.Logistic,-R 0.001212808614916214
795,softmax50,1147,960,30,32,41.41414260864258,weka.classifiers.functions.Logistic,-R 0.001212808614916214
795,softmax50,1177,990,30,33,41.41414260864258,weka.classifiers.functions.Logistic,-R 0.001212808614916214
795,softmax50,1208,1020,30,34,41.41414260864258,weka.classifiers.functions.Logistic,-R 0.001212808614916214
795,softmax50,1238,1050,30,35,41.41414260864258,weka.classifiers.functions.Logistic,-R 0.001212808614916214
795,softmax50,1268,1080,30,36,41.41414260864258,weka.classifiers.functions.Logistic,-R 0.001212808614916214
795,softmax50,1298,1110,30,37,41.41414260864258,weka.classifiers.functions.Logistic,-R 0.001212808614916214
795,softmax50,1328,1140,30,38,41.41414260864258,weka.classifiers.functions.Logistic,-R 0.001212808614916214
795,softmax50,1359,1170,30,39,41.41414260864258,weka.classifiers.functions.Logistic,-R 0.001212808614916214
795,softmax50,1389,1200,30,40,41.41414260864258,weka.classifiers.functions.Logistic,-R 0.001212808614916214
