530,softmax50,241,60,30,2,61.904762268066406,weka.classifiers.functions.Logistic,-R 5.734400668532535E-7
530,softmax50,272,90,30,3,61.904762268066406,weka.classifiers.functions.Logistic,-R 5.734400668532535E-7
530,softmax50,302,120,30,4,61.904762268066406,weka.classifiers.functions.Logistic,-R 5.734400668532535E-7
530,softmax50,332,150,30,5,61.904762268066406,weka.classifiers.functions.Logistic,-R 5.734400668532535E-7
530,softmax50,362,180,30,6,61.904762268066406,weka.classifiers.functions.Logistic,-R 5.734400668532535E-7
530,softmax50,392,210,30,7,61.904762268066406,weka.classifiers.functions.Logistic,-R 5.734400668532535E-7
530,softmax50,423,240,30,8,61.904762268066406,weka.classifiers.functions.Logistic,-R 5.734400668532535E-7
530,softmax50,453,270,30,9,61.904762268066406,weka.classifiers.functions.Logistic,-R 5.734400668532535E-7
530,softmax50,483,300,30,10,61.904762268066406,weka.classifiers.functions.Logistic,-R 5.734400668532535E-7
530,softmax50,513,330,30,11,61.904762268066406,weka.classifiers.functions.Logistic,-R 5.734400668532535E-7
530,softmax50,543,360,30,12,61.904762268066406,weka.classifiers.functions.Logistic,-R 5.734400668532535E-7
530,softmax50,573,390,30,13,61.904762268066406,weka.classifiers.functions.Logistic,-R 5.734400668532535E-7
530,softmax50,604,420,30,14,61.904762268066406,weka.classifiers.functions.Logistic,-R 5.734400668532535E-7
530,softmax50,634,450,30,15,61.904762268066406,weka.classifiers.functions.Logistic,-R 5.734400668532535E-7
530,softmax50,664,480,30,16,61.904762268066406,weka.classifiers.functions.Logistic,-R 5.734400668532535E-7
530,softmax50,694,510,30,17,61.904762268066406,weka.classifiers.functions.Logistic,-R 5.734400668532535E-7
530,softmax50,724,540,30,18,61.904762268066406,weka.classifiers.functions.Logistic,-R 5.734400668532535E-7
530,softmax50,754,570,30,19,61.904762268066406,weka.classifiers.functions.Logistic,-R 5.734400668532535E-7
530,softmax50,785,600,30,20,61.904762268066406,weka.classifiers.functions.Logistic,-R 5.734400668532535E-7
530,softmax50,815,630,30,21,61.904762268066406,weka.classifiers.functions.Logistic,-R 5.734400668532535E-7
530,softmax50,845,660,30,22,61.904762268066406,weka.classifiers.functions.Logistic,-R 5.734400668532535E-7
530,softmax50,875,690,30,23,61.904762268066406,weka.classifiers.functions.Logistic,-R 5.734400668532535E-7
530,softmax50,905,720,30,24,61.904762268066406,weka.classifiers.functions.Logistic,-R 5.734400668532535E-7
530,softmax50,935,750,30,25,61.904762268066406,weka.classifiers.functions.Logistic,-R 5.734400668532535E-7
530,softmax50,966,780,30,26,61.904762268066406,weka.classifiers.functions.Logistic,-R 5.734400668532535E-7
530,softmax50,996,810,30,27,61.904762268066406,weka.classifiers.functions.Logistic,-R 5.734400668532535E-7
530,softmax50,1026,840,30,28,61.904762268066406,weka.classifiers.functions.Logistic,-R 5.734400668532535E-7
530,softmax50,1056,870,30,29,61.904762268066406,weka.classifiers.functions.Logistic,-R 5.734400668532535E-7
530,softmax50,1086,900,30,30,61.904762268066406,weka.classifiers.functions.Logistic,-R 5.734400668532535E-7
530,softmax50,1116,930,30,31,61.904762268066406,weka.classifiers.functions.Logistic,-R 5.734400668532535E-7
530,softmax50,1147,960,30,32,61.904762268066406,weka.classifiers.functions.Logistic,-R 5.734400668532535E-7
530,softmax50,1177,990,30,33,61.904762268066406,weka.classifiers.functions.Logistic,-R 5.734400668532535E-7
530,softmax50,1207,1020,30,34,61.904762268066406,weka.classifiers.functions.Logistic,-R 5.734400668532535E-7
530,softmax50,1237,1050,30,35,61.904762268066406,weka.classifiers.functions.Logistic,-R 5.734400668532535E-7
530,softmax50,1267,1080,30,36,61.904762268066406,weka.classifiers.functions.Logistic,-R 5.734400668532535E-7
530,softmax50,1298,1110,30,37,61.904762268066406,weka.classifiers.functions.Logistic,-R 5.734400668532535E-7
530,softmax50,1328,1140,30,38,61.904762268066406,weka.classifiers.functions.Logistic,-R 5.734400668532535E-7
530,softmax50,1358,1170,30,39,61.904762268066406,weka.classifiers.functions.Logistic,-R 5.734400668532535E-7
530,softmax50,1388,1200,30,40,61.904762268066406,weka.classifiers.functions.Logistic,-R 5.734400668532535E-7
