458,softmax50,241,60,30,2,0.2958683371543884,weka.classifiers.functions.Logistic,-R 0.0053199263915263036
458,softmax50,271,90,30,3,0.2958683371543884,weka.classifiers.functions.Logistic,-R 0.0053199263915263036
458,softmax50,301,120,30,4,0.2958683371543884,weka.classifiers.functions.Logistic,-R 0.0053199263915263036
458,softmax50,331,150,30,5,0.2958683371543884,weka.classifiers.functions.Logistic,-R 0.0053199263915263036
458,softmax50,361,180,30,6,0.23669467866420746,weka.classifiers.functions.Logistic,-R 0.0053199263915263036
458,softmax50,391,210,30,7,0.23669467866420746,weka.classifiers.functions.Logistic,-R 0.0053199263915263036
458,softmax50,422,240,30,8,0.23669467866420746,weka.classifiers.functions.Logistic,-R 0.0053199263915263036
458,softmax50,452,270,30,9,0.23669467866420746,weka.classifiers.functions.Logistic,-R 0.0053199263915263036
458,softmax50,482,300,30,10,0.23669467866420746,weka.classifiers.functions.Logistic,-R 0.0053199263915263036
458,softmax50,512,330,30,11,0.23669467866420746,weka.classifiers.functions.Logistic,-R 0.0053199263915263036
458,softmax50,542,360,30,12,0.23669467866420746,weka.classifiers.functions.Logistic,-R 0.0053199263915263036
