785,softmax50,241,60,30,2,6.4285712242126465,weka.classifiers.functions.Logistic,-R 6.146989850689161
785,softmax50,271,90,30,3,6.4285712242126465,weka.classifiers.functions.Logistic,-R 6.146989850689161
785,softmax50,301,120,30,4,6.4285712242126465,weka.classifiers.functions.Logistic,-R 6.146989850689161
785,softmax50,332,150,30,5,6.4285712242126465,weka.classifiers.functions.Logistic,-R 6.146989850689161
785,softmax50,362,180,30,6,6.4285712242126465,weka.classifiers.functions.Logistic,-R 6.146989850689161
785,softmax50,392,210,30,7,6.4285712242126465,weka.classifiers.functions.Logistic,-R 6.146989850689161
785,softmax50,422,240,30,8,6.4285712242126465,weka.classifiers.functions.Logistic,-R 6.146989850689161
785,softmax50,452,270,30,9,6.4285712242126465,weka.classifiers.functions.Logistic,-R 6.146989850689161
785,softmax50,483,300,30,10,6.4285712242126465,weka.classifiers.functions.Logistic,-R 6.146989850689161
785,softmax50,513,330,30,11,6.4285712242126465,weka.classifiers.functions.Logistic,-R 6.146989850689161
785,softmax50,543,360,30,12,6.4285712242126465,weka.classifiers.functions.Logistic,-R 6.146989850689161
785,softmax50,573,390,30,13,6.4285712242126465,weka.classifiers.functions.Logistic,-R 6.146989850689161
785,softmax50,603,420,30,14,6.4285712242126465,weka.classifiers.functions.Logistic,-R 6.146989850689161
785,softmax50,633,450,30,15,6.4285712242126465,weka.classifiers.functions.Logistic,-R 6.146989850689161
785,softmax50,663,480,30,16,6.4285712242126465,weka.classifiers.functions.Logistic,-R 6.146989850689161
785,softmax50,694,510,30,17,6.4285712242126465,weka.classifiers.functions.Logistic,-R 6.146989850689161
785,softmax50,724,540,30,18,6.4285712242126465,weka.classifiers.functions.Logistic,-R 6.146989850689161
785,softmax50,754,570,30,19,6.4285712242126465,weka.classifiers.functions.Logistic,-R 6.146989850689161
785,softmax50,784,600,30,20,6.4285712242126465,weka.classifiers.functions.Logistic,-R 6.146989850689161
785,softmax50,814,630,30,21,6.4285712242126465,weka.classifiers.functions.Logistic,-R 6.146989850689161
785,softmax50,844,660,30,22,6.4285712242126465,weka.classifiers.functions.Logistic,-R 6.146989850689161
785,softmax50,874,690,30,23,6.4285712242126465,weka.classifiers.functions.Logistic,-R 6.146989850689161
785,softmax50,905,720,30,24,6.4285712242126465,weka.classifiers.functions.Logistic,-R 6.146989850689161
785,softmax50,935,750,30,25,6.4285712242126465,weka.classifiers.functions.Logistic,-R 6.146989850689161
785,softmax50,965,780,30,26,6.4285712242126465,weka.classifiers.functions.Logistic,-R 6.146989850689161
785,softmax50,995,810,30,27,6.4285712242126465,weka.classifiers.functions.Logistic,-R 6.146989850689161
785,softmax50,1025,840,30,28,6.4285712242126465,weka.classifiers.functions.Logistic,-R 6.146989850689161
785,softmax50,1055,870,30,29,6.4285712242126465,weka.classifiers.functions.Logistic,-R 6.146989850689161
785,softmax50,1086,900,30,30,6.4285712242126465,weka.classifiers.functions.Logistic,-R 6.146989850689161
785,softmax50,1116,930,30,31,6.4285712242126465,weka.classifiers.functions.Logistic,-R 6.146989850689161
785,softmax50,1146,960,30,32,6.4285712242126465,weka.classifiers.functions.Logistic,-R 6.146989850689161
785,softmax50,1176,990,30,33,6.4285712242126465,weka.classifiers.functions.Logistic,-R 6.146989850689161
785,softmax50,1206,1020,30,34,6.4285712242126465,weka.classifiers.functions.Logistic,-R 6.146989850689161
785,softmax50,1236,1050,30,35,6.4285712242126465,weka.classifiers.functions.Logistic,-R 6.146989850689161
785,softmax50,1267,1080,30,36,6.4285712242126465,weka.classifiers.functions.Logistic,-R 6.146989850689161
785,softmax50,1297,1110,30,37,6.4285712242126465,weka.classifiers.functions.Logistic,-R 6.146989850689161
785,softmax50,1327,1140,30,38,6.4285712242126465,weka.classifiers.functions.Logistic,-R 6.146989850689161
785,softmax50,1357,1170,30,39,6.4285712242126465,weka.classifiers.functions.Logistic,-R 6.146989850689161
785,softmax50,1387,1200,30,40,6.4285712242126465,weka.classifiers.functions.Logistic,-R 6.146989850689161
