685,softmax50,241,60,30,2,46.153846740722656,weka.classifiers.functions.Logistic,-R 0.03058989781229154
685,softmax50,271,90,30,3,46.153846740722656,weka.classifiers.functions.Logistic,-R 0.03058989781229154
685,softmax50,302,120,30,4,46.153846740722656,weka.classifiers.functions.Logistic,-R 0.03058989781229154
685,softmax50,332,150,30,5,46.153846740722656,weka.classifiers.functions.Logistic,-R 0.03058989781229154
685,softmax50,362,180,30,6,46.153846740722656,weka.classifiers.functions.Logistic,-R 0.03058989781229154
685,softmax50,392,210,30,7,46.153846740722656,weka.classifiers.functions.Logistic,-R 0.03058989781229154
685,softmax50,423,240,30,8,46.153846740722656,weka.classifiers.functions.Logistic,-R 0.03058989781229154
685,softmax50,453,270,30,9,46.153846740722656,weka.classifiers.functions.Logistic,-R 0.03058989781229154
685,softmax50,483,300,30,10,46.153846740722656,weka.classifiers.functions.Logistic,-R 0.03058989781229154
685,softmax50,513,330,30,11,46.153846740722656,weka.classifiers.functions.Logistic,-R 0.03058989781229154
685,softmax50,543,360,30,12,46.153846740722656,weka.classifiers.functions.Logistic,-R 0.03058989781229154
685,softmax50,574,390,30,13,46.153846740722656,weka.classifiers.functions.Logistic,-R 0.03058989781229154
685,softmax50,604,420,30,14,46.153846740722656,weka.classifiers.functions.Logistic,-R 0.03058989781229154
685,softmax50,634,450,30,15,46.153846740722656,weka.classifiers.functions.Logistic,-R 0.03058989781229154
685,softmax50,664,480,30,16,46.153846740722656,weka.classifiers.functions.Logistic,-R 0.03058989781229154
685,softmax50,694,510,30,17,46.153846740722656,weka.classifiers.functions.Logistic,-R 0.03058989781229154
685,softmax50,724,540,30,18,46.153846740722656,weka.classifiers.functions.Logistic,-R 0.03058989781229154
685,softmax50,755,570,30,19,46.153846740722656,weka.classifiers.functions.Logistic,-R 0.03058989781229154
685,softmax50,785,600,30,20,46.153846740722656,weka.classifiers.functions.Logistic,-R 0.03058989781229154
685,softmax50,815,630,30,21,46.153846740722656,weka.classifiers.functions.Logistic,-R 0.03058989781229154
685,softmax50,845,660,30,22,46.153846740722656,weka.classifiers.functions.Logistic,-R 0.03058989781229154
685,softmax50,875,690,30,23,46.153846740722656,weka.classifiers.functions.Logistic,-R 0.03058989781229154
685,softmax50,906,720,30,24,46.153846740722656,weka.classifiers.functions.Logistic,-R 0.03058989781229154
685,softmax50,936,750,30,25,46.153846740722656,weka.classifiers.functions.Logistic,-R 0.03058989781229154
685,softmax50,966,780,30,26,46.153846740722656,weka.classifiers.functions.Logistic,-R 0.03058989781229154
685,softmax50,996,810,30,27,46.153846740722656,weka.classifiers.functions.Logistic,-R 0.03058989781229154
685,softmax50,1026,840,30,28,46.153846740722656,weka.classifiers.functions.Logistic,-R 0.03058989781229154
685,softmax50,1056,870,30,29,46.153846740722656,weka.classifiers.functions.Logistic,-R 0.03058989781229154
685,softmax50,1086,900,30,30,46.153846740722656,weka.classifiers.functions.Logistic,-R 0.03058989781229154
685,softmax50,1117,930,30,31,46.153846740722656,weka.classifiers.functions.Logistic,-R 0.03058989781229154
685,softmax50,1147,960,30,32,46.153846740722656,weka.classifiers.functions.Logistic,-R 0.03058989781229154
685,softmax50,1177,990,30,33,46.153846740722656,weka.classifiers.functions.Logistic,-R 0.03058989781229154
685,softmax50,1207,1020,30,34,46.153846740722656,weka.classifiers.functions.Logistic,-R 0.03058989781229154
685,softmax50,1237,1050,30,35,46.153846740722656,weka.classifiers.functions.Logistic,-R 0.03058989781229154
685,softmax50,1268,1080,30,36,46.153846740722656,weka.classifiers.functions.Logistic,-R 0.03058989781229154
685,softmax50,1298,1110,30,37,46.153846740722656,weka.classifiers.functions.Logistic,-R 0.03058989781229154
685,softmax50,1328,1140,30,38,46.153846740722656,weka.classifiers.functions.Logistic,-R 0.03058989781229154
685,softmax50,1358,1170,30,39,46.153846740722656,weka.classifiers.functions.Logistic,-R 0.03058989781229154
685,softmax50,1388,1200,30,40,46.153846740722656,weka.classifiers.functions.Logistic,-R 0.03058989781229154
