494,softmax50,242,60,30,2,41.53845977783203,weka.classifiers.functions.Logistic,-R 0.001212808614916214
494,softmax50,272,90,30,3,41.53845977783203,weka.classifiers.functions.Logistic,-R 0.001212808614916214
494,softmax50,302,120,30,4,41.53845977783203,weka.classifiers.functions.Logistic,-R 0.001212808614916214
494,softmax50,332,150,30,5,41.53845977783203,weka.classifiers.functions.Logistic,-R 0.001212808614916214
494,softmax50,362,180,30,6,41.53845977783203,weka.classifiers.functions.Logistic,-R 0.001212808614916214
494,softmax50,392,210,30,7,41.53845977783203,weka.classifiers.functions.Logistic,-R 0.001212808614916214
494,softmax50,423,240,30,8,41.53845977783203,weka.classifiers.functions.Logistic,-R 0.001212808614916214
494,softmax50,453,270,30,9,41.53845977783203,weka.classifiers.functions.Logistic,-R 0.001212808614916214
494,softmax50,483,300,30,10,41.53845977783203,weka.classifiers.functions.Logistic,-R 0.001212808614916214
494,softmax50,513,330,30,11,41.53845977783203,weka.classifiers.functions.Logistic,-R 0.001212808614916214
494,softmax50,544,360,30,12,41.53845977783203,weka.classifiers.functions.Logistic,-R 0.001212808614916214
494,softmax50,574,390,30,13,41.53845977783203,weka.classifiers.functions.Logistic,-R 0.001212808614916214
494,softmax50,604,420,30,14,41.53845977783203,weka.classifiers.functions.Logistic,-R 0.001212808614916214
494,softmax50,634,450,30,15,41.53845977783203,weka.classifiers.functions.Logistic,-R 0.001212808614916214
494,softmax50,664,480,30,16,41.53845977783203,weka.classifiers.functions.Logistic,-R 0.001212808614916214
494,softmax50,695,510,30,17,41.53845977783203,weka.classifiers.functions.Logistic,-R 0.001212808614916214
494,softmax50,725,540,30,18,41.53845977783203,weka.classifiers.functions.Logistic,-R 0.001212808614916214
494,softmax50,755,570,30,19,41.53845977783203,weka.classifiers.functions.Logistic,-R 0.001212808614916214
494,softmax50,785,600,30,20,41.53845977783203,weka.classifiers.functions.Logistic,-R 0.001212808614916214
494,softmax50,815,630,30,21,41.53845977783203,weka.classifiers.functions.Logistic,-R 0.001212808614916214
494,softmax50,846,660,30,22,41.53845977783203,weka.classifiers.functions.Logistic,-R 0.001212808614916214
494,softmax50,876,690,30,23,41.53845977783203,weka.classifiers.functions.Logistic,-R 0.001212808614916214
494,softmax50,906,720,30,24,41.53845977783203,weka.classifiers.functions.Logistic,-R 0.001212808614916214
494,softmax50,936,750,30,25,41.53845977783203,weka.classifiers.functions.Logistic,-R 0.001212808614916214
494,softmax50,966,780,30,26,41.53845977783203,weka.classifiers.functions.Logistic,-R 0.001212808614916214
494,softmax50,997,810,30,27,41.53845977783203,weka.classifiers.functions.Logistic,-R 0.001212808614916214
494,softmax50,1027,840,30,28,41.53845977783203,weka.classifiers.functions.Logistic,-R 0.001212808614916214
494,softmax50,1057,870,30,29,41.53845977783203,weka.classifiers.functions.Logistic,-R 0.001212808614916214
494,softmax50,1087,900,30,30,41.53845977783203,weka.classifiers.functions.Logistic,-R 0.001212808614916214
494,softmax50,1118,930,30,31,41.53845977783203,weka.classifiers.functions.Logistic,-R 0.001212808614916214
494,softmax50,1148,960,30,32,41.53845977783203,weka.classifiers.functions.Logistic,-R 0.001212808614916214
494,softmax50,1178,990,30,33,41.53845977783203,weka.classifiers.functions.Logistic,-R 0.001212808614916214
494,softmax50,1208,1020,30,34,41.53845977783203,weka.classifiers.functions.Logistic,-R 0.001212808614916214
494,softmax50,1238,1050,30,35,41.53845977783203,weka.classifiers.functions.Logistic,-R 0.001212808614916214
494,softmax50,1268,1080,30,36,41.53845977783203,weka.classifiers.functions.Logistic,-R 0.001212808614916214
494,softmax50,1299,1110,30,37,41.53845977783203,weka.classifiers.functions.Logistic,-R 0.001212808614916214
494,softmax50,1329,1140,30,38,41.53845977783203,weka.classifiers.functions.Logistic,-R 0.001212808614916214
494,softmax50,1359,1170,30,39,41.53845977783203,weka.classifiers.functions.Logistic,-R 0.001212808614916214
494,softmax50,1389,1200,30,40,41.53845977783203,weka.classifiers.functions.Logistic,-R 0.001212808614916214
