1557,softmax50,241,60,30,2,32.29664993286133,weka.classifiers.functions.Logistic,-R 4.457139394006726E-10
1557,softmax50,271,90,30,3,32.29664993286133,weka.classifiers.functions.Logistic,-R 4.457139394006726E-10
1557,softmax50,301,120,30,4,32.29664993286133,weka.classifiers.functions.Logistic,-R 4.457139394006726E-10
1557,softmax50,332,150,30,5,32.29664993286133,weka.classifiers.functions.Logistic,-R 4.457139394006726E-10
1557,softmax50,362,180,30,6,32.29664993286133,weka.classifiers.functions.Logistic,-R 4.457139394006726E-10
1557,softmax50,392,210,30,7,32.29664993286133,weka.classifiers.functions.Logistic,-R 4.457139394006726E-10
1557,softmax50,422,240,30,8,32.29664993286133,weka.classifiers.functions.Logistic,-R 4.457139394006726E-10
1557,softmax50,452,270,30,9,32.29664993286133,weka.classifiers.functions.Logistic,-R 4.457139394006726E-10
1557,softmax50,483,300,30,10,32.29664993286133,weka.classifiers.functions.Logistic,-R 4.457139394006726E-10
1557,softmax50,513,330,30,11,32.29664993286133,weka.classifiers.functions.Logistic,-R 4.457139394006726E-10
1557,softmax50,543,360,30,12,32.29664993286133,weka.classifiers.functions.Logistic,-R 4.457139394006726E-10
1557,softmax50,573,390,30,13,32.29664993286133,weka.classifiers.functions.Logistic,-R 4.457139394006726E-10
1557,softmax50,603,420,30,14,32.29664993286133,weka.classifiers.functions.Logistic,-R 4.457139394006726E-10
1557,softmax50,633,450,30,15,32.29664993286133,weka.classifiers.functions.Logistic,-R 4.457139394006726E-10
1557,softmax50,664,480,30,16,32.29664993286133,weka.classifiers.functions.Logistic,-R 4.457139394006726E-10
1557,softmax50,694,510,30,17,32.29664993286133,weka.classifiers.functions.Logistic,-R 4.457139394006726E-10
1557,softmax50,724,540,30,18,32.29664993286133,weka.classifiers.functions.Logistic,-R 4.457139394006726E-10
1557,softmax50,754,570,30,19,32.29664993286133,weka.classifiers.functions.Logistic,-R 4.457139394006726E-10
1557,softmax50,784,600,30,20,32.29664993286133,weka.classifiers.functions.Logistic,-R 4.457139394006726E-10
1557,softmax50,814,630,30,21,32.29664993286133,weka.classifiers.functions.Logistic,-R 4.457139394006726E-10
1557,softmax50,845,660,30,22,32.29664993286133,weka.classifiers.functions.Logistic,-R 4.457139394006726E-10
1557,softmax50,875,690,30,23,32.29664993286133,weka.classifiers.functions.Logistic,-R 4.457139394006726E-10
1557,softmax50,905,720,30,24,32.29664993286133,weka.classifiers.functions.Logistic,-R 4.457139394006726E-10
1557,softmax50,935,750,30,25,32.29664993286133,weka.classifiers.functions.Logistic,-R 4.457139394006726E-10
1557,softmax50,965,780,30,26,32.29664993286133,weka.classifiers.functions.Logistic,-R 4.457139394006726E-10
1557,softmax50,995,810,30,27,32.29664993286133,weka.classifiers.functions.Logistic,-R 4.457139394006726E-10
1557,softmax50,1026,840,30,28,32.29664993286133,weka.classifiers.functions.Logistic,-R 4.457139394006726E-10
1557,softmax50,1056,870,30,29,32.29664993286133,weka.classifiers.functions.Logistic,-R 4.457139394006726E-10
1557,softmax50,1086,900,30,30,32.29664993286133,weka.classifiers.functions.Logistic,-R 4.457139394006726E-10
1557,softmax50,1116,930,30,31,32.29664993286133,weka.classifiers.functions.Logistic,-R 4.457139394006726E-10
1557,softmax50,1146,960,30,32,32.29664993286133,weka.classifiers.functions.Logistic,-R 4.457139394006726E-10
1557,softmax50,1176,990,30,33,32.29664993286133,weka.classifiers.functions.Logistic,-R 4.457139394006726E-10
1557,softmax50,1206,1020,30,34,32.29664993286133,weka.classifiers.functions.Logistic,-R 4.457139394006726E-10
1557,softmax50,1237,1050,30,35,32.29664993286133,weka.classifiers.functions.Logistic,-R 4.457139394006726E-10
1557,softmax50,1267,1080,30,36,32.29664993286133,weka.classifiers.functions.Logistic,-R 4.457139394006726E-10
1557,softmax50,1297,1110,30,37,32.29664993286133,weka.classifiers.functions.Logistic,-R 4.457139394006726E-10
1557,softmax50,1327,1140,30,38,32.29664993286133,weka.classifiers.functions.Logistic,-R 4.457139394006726E-10
1557,softmax50,1357,1170,30,39,32.29664993286133,weka.classifiers.functions.Logistic,-R 4.457139394006726E-10
1557,softmax50,1387,1200,30,40,32.29664993286133,weka.classifiers.functions.Logistic,-R 4.457139394006726E-10
