1449,softmax50,241,60,30,2,7.692307472229004,weka.classifiers.functions.Logistic,-R 7.265022583501099E-9
1449,softmax50,271,90,30,3,7.692307472229004,weka.classifiers.functions.Logistic,-R 7.265022583501099E-9
1449,softmax50,301,120,30,4,7.692307472229004,weka.classifiers.functions.Logistic,-R 7.265022583501099E-9
1449,softmax50,331,150,30,5,7.692307472229004,weka.classifiers.functions.Logistic,-R 7.265022583501099E-9
1449,softmax50,361,180,30,6,7.692307472229004,weka.classifiers.functions.Logistic,-R 7.265022583501099E-9
1449,softmax50,391,210,30,7,7.692307472229004,weka.classifiers.functions.Logistic,-R 7.265022583501099E-9
1449,softmax50,422,240,30,8,7.692307472229004,weka.classifiers.functions.Logistic,-R 7.265022583501099E-9
1449,softmax50,452,270,30,9,7.692307472229004,weka.classifiers.functions.Logistic,-R 7.265022583501099E-9
1449,softmax50,482,300,30,10,7.692307472229004,weka.classifiers.functions.Logistic,-R 7.265022583501099E-9
1449,softmax50,512,330,30,11,7.692307472229004,weka.classifiers.functions.Logistic,-R 7.265022583501099E-9
1449,softmax50,542,360,30,12,7.692307472229004,weka.classifiers.functions.Logistic,-R 7.265022583501099E-9
1449,softmax50,572,390,30,13,7.692307472229004,weka.classifiers.functions.Logistic,-R 7.265022583501099E-9
1449,softmax50,602,420,30,14,7.692307472229004,weka.classifiers.functions.Logistic,-R 7.265022583501099E-9
1449,softmax50,633,450,30,15,7.692307472229004,weka.classifiers.functions.Logistic,-R 7.265022583501099E-9
1449,softmax50,663,480,30,16,7.692307472229004,weka.classifiers.functions.Logistic,-R 7.265022583501099E-9
1449,softmax50,693,510,30,17,7.692307472229004,weka.classifiers.functions.Logistic,-R 7.265022583501099E-9
1449,softmax50,723,540,30,18,7.692307472229004,weka.classifiers.functions.Logistic,-R 7.265022583501099E-9
1449,softmax50,753,570,30,19,7.692307472229004,weka.classifiers.functions.Logistic,-R 7.265022583501099E-9
1449,softmax50,783,600,30,20,7.692307472229004,weka.classifiers.functions.Logistic,-R 7.265022583501099E-9
1449,softmax50,813,630,30,21,7.692307472229004,weka.classifiers.functions.Logistic,-R 7.265022583501099E-9
1449,softmax50,844,660,30,22,7.692307472229004,weka.classifiers.functions.Logistic,-R 7.265022583501099E-9
1449,softmax50,874,690,30,23,7.692307472229004,weka.classifiers.functions.Logistic,-R 7.265022583501099E-9
1449,softmax50,904,720,30,24,7.692307472229004,weka.classifiers.functions.Logistic,-R 7.265022583501099E-9
1449,softmax50,934,750,30,25,7.692307472229004,weka.classifiers.functions.Logistic,-R 7.265022583501099E-9
1449,softmax50,964,780,30,26,7.692307472229004,weka.classifiers.functions.Logistic,-R 7.265022583501099E-9
1449,softmax50,994,810,30,27,7.692307472229004,weka.classifiers.functions.Logistic,-R 7.265022583501099E-9
1449,softmax50,1024,840,30,28,7.692307472229004,weka.classifiers.functions.Logistic,-R 7.265022583501099E-9
1449,softmax50,1055,870,30,29,7.692307472229004,weka.classifiers.functions.Logistic,-R 7.265022583501099E-9
1449,softmax50,1085,900,30,30,7.692307472229004,weka.classifiers.functions.Logistic,-R 7.265022583501099E-9
1449,softmax50,1115,930,30,31,7.692307472229004,weka.classifiers.functions.Logistic,-R 7.265022583501099E-9
1449,softmax50,1145,960,30,32,7.692307472229004,weka.classifiers.functions.Logistic,-R 7.265022583501099E-9
1449,softmax50,1175,990,30,33,7.692307472229004,weka.classifiers.functions.Logistic,-R 7.265022583501099E-9
1449,softmax50,1205,1020,30,34,7.692307472229004,weka.classifiers.functions.Logistic,-R 7.265022583501099E-9
1449,softmax50,1235,1050,30,35,7.692307472229004,weka.classifiers.functions.Logistic,-R 7.265022583501099E-9
1449,softmax50,1266,1080,30,36,7.692307472229004,weka.classifiers.functions.Logistic,-R 7.265022583501099E-9
1449,softmax50,1296,1110,30,37,7.692307472229004,weka.classifiers.functions.Logistic,-R 7.265022583501099E-9
1449,softmax50,1326,1140,30,38,7.692307472229004,weka.classifiers.functions.Logistic,-R 7.265022583501099E-9
1449,softmax50,1356,1170,30,39,7.692307472229004,weka.classifiers.functions.Logistic,-R 7.265022583501099E-9
1449,softmax50,1386,1200,30,40,7.692307472229004,weka.classifiers.functions.Logistic,-R 7.265022583501099E-9
