209,softmax50,241,60,30,2,65.36697387695312,weka.classifiers.functions.Logistic,-R 0.03058989781229154
209,softmax50,271,90,30,3,65.36697387695312,weka.classifiers.functions.Logistic,-R 0.03058989781229154
209,softmax50,301,120,30,4,65.36697387695312,weka.classifiers.functions.Logistic,-R 0.03058989781229154
209,softmax50,331,150,30,5,65.36697387695312,weka.classifiers.functions.Logistic,-R 0.03058989781229154
209,softmax50,362,180,30,6,65.36697387695312,weka.classifiers.functions.Logistic,-R 0.03058989781229154
209,softmax50,392,210,30,7,65.36697387695312,weka.classifiers.functions.Logistic,-R 0.03058989781229154
209,softmax50,422,240,30,8,65.36697387695312,weka.classifiers.functions.Logistic,-R 0.03058989781229154
209,softmax50,452,270,30,9,65.36697387695312,weka.classifiers.functions.Logistic,-R 0.03058989781229154
209,softmax50,482,300,30,10,65.36697387695312,weka.classifiers.functions.Logistic,-R 0.03058989781229154
209,softmax50,512,330,30,11,65.36697387695312,weka.classifiers.functions.Logistic,-R 0.03058989781229154
209,softmax50,542,360,30,12,65.36697387695312,weka.classifiers.functions.Logistic,-R 0.03058989781229154
209,softmax50,573,390,30,13,65.36697387695312,weka.classifiers.functions.Logistic,-R 0.03058989781229154
209,softmax50,603,420,30,14,65.36697387695312,weka.classifiers.functions.Logistic,-R 0.03058989781229154
209,softmax50,633,450,30,15,65.36697387695312,weka.classifiers.functions.Logistic,-R 0.03058989781229154
209,softmax50,663,480,30,16,65.36697387695312,weka.classifiers.functions.Logistic,-R 0.03058989781229154
209,softmax50,693,510,30,17,65.36697387695312,weka.classifiers.functions.Logistic,-R 0.03058989781229154
209,softmax50,723,540,30,18,65.36697387695312,weka.classifiers.functions.Logistic,-R 0.03058989781229154
209,softmax50,753,570,30,19,65.36697387695312,weka.classifiers.functions.Logistic,-R 0.03058989781229154
209,softmax50,784,600,30,20,65.36697387695312,weka.classifiers.functions.Logistic,-R 0.03058989781229154
209,softmax50,814,630,30,21,65.36697387695312,weka.classifiers.functions.Logistic,-R 0.03058989781229154
209,softmax50,844,660,30,22,65.36697387695312,weka.classifiers.functions.Logistic,-R 0.03058989781229154
209,softmax50,874,690,30,23,65.36697387695312,weka.classifiers.functions.Logistic,-R 0.03058989781229154
209,softmax50,904,720,30,24,65.36697387695312,weka.classifiers.functions.Logistic,-R 0.03058989781229154
209,softmax50,934,750,30,25,65.36697387695312,weka.classifiers.functions.Logistic,-R 0.03058989781229154
209,softmax50,964,780,30,26,65.36697387695312,weka.classifiers.functions.Logistic,-R 0.03058989781229154
209,softmax50,995,810,30,27,65.36697387695312,weka.classifiers.functions.Logistic,-R 0.03058989781229154
209,softmax50,1025,840,30,28,65.36697387695312,weka.classifiers.functions.Logistic,-R 0.03058989781229154
209,softmax50,1055,870,30,29,65.36697387695312,weka.classifiers.functions.Logistic,-R 0.03058989781229154
209,softmax50,1085,900,30,30,65.36697387695312,weka.classifiers.functions.Logistic,-R 0.03058989781229154
209,softmax50,1115,930,30,31,65.36697387695312,weka.classifiers.functions.Logistic,-R 0.03058989781229154
209,softmax50,1145,960,30,32,65.36697387695312,weka.classifiers.functions.Logistic,-R 0.03058989781229154
209,softmax50,1176,990,30,33,65.36697387695312,weka.classifiers.functions.Logistic,-R 0.03058989781229154
209,softmax50,1206,1020,30,34,65.36697387695312,weka.classifiers.functions.Logistic,-R 0.03058989781229154
209,softmax50,1236,1050,30,35,65.36697387695312,weka.classifiers.functions.Logistic,-R 0.03058989781229154
209,softmax50,1266,1080,30,36,65.36697387695312,weka.classifiers.functions.Logistic,-R 0.03058989781229154
209,softmax50,1296,1110,30,37,65.36697387695312,weka.classifiers.functions.Logistic,-R 0.03058989781229154
209,softmax50,1326,1140,30,38,65.36697387695312,weka.classifiers.functions.Logistic,-R 0.03058989781229154
209,softmax50,1356,1170,30,39,65.36697387695312,weka.classifiers.functions.Logistic,-R 0.03058989781229154
209,softmax50,1387,1200,30,40,65.36697387695312,weka.classifiers.functions.Logistic,-R 0.03058989781229154
