1539,softmax50,241,60,30,2,4.684095859527588,weka.classifiers.functions.Logistic,-R 7.265022583501099E-9
1539,softmax50,271,90,30,3,4.684095859527588,weka.classifiers.functions.Logistic,-R 7.265022583501099E-9
1539,softmax50,301,120,30,4,4.684095859527588,weka.classifiers.functions.Logistic,-R 7.265022583501099E-9
1539,softmax50,331,150,30,5,4.684095859527588,weka.classifiers.functions.Logistic,-R 7.265022583501099E-9
1539,softmax50,361,180,30,6,4.684095859527588,weka.classifiers.functions.Logistic,-R 7.265022583501099E-9
1539,softmax50,392,210,30,7,4.684095859527588,weka.classifiers.functions.Logistic,-R 7.265022583501099E-9
1539,softmax50,422,240,30,8,4.684095859527588,weka.classifiers.functions.Logistic,-R 7.265022583501099E-9
1539,softmax50,452,270,30,9,4.684095859527588,weka.classifiers.functions.Logistic,-R 7.265022583501099E-9
1539,softmax50,482,300,30,10,4.684095859527588,weka.classifiers.functions.Logistic,-R 7.265022583501099E-9
1539,softmax50,512,330,30,11,4.684095859527588,weka.classifiers.functions.Logistic,-R 7.265022583501099E-9
1539,softmax50,542,360,30,12,4.684095859527588,weka.classifiers.functions.Logistic,-R 7.265022583501099E-9
1539,softmax50,572,390,30,13,4.684095859527588,weka.classifiers.functions.Logistic,-R 7.265022583501099E-9
1539,softmax50,602,420,30,14,4.684095859527588,weka.classifiers.functions.Logistic,-R 7.265022583501099E-9
1539,softmax50,633,450,30,15,4.684095859527588,weka.classifiers.functions.Logistic,-R 7.265022583501099E-9
1539,softmax50,663,480,30,16,4.684095859527588,weka.classifiers.functions.Logistic,-R 7.265022583501099E-9
1539,softmax50,693,510,30,17,4.684095859527588,weka.classifiers.functions.Logistic,-R 7.265022583501099E-9
1539,softmax50,723,540,30,18,4.684095859527588,weka.classifiers.functions.Logistic,-R 7.265022583501099E-9
1539,softmax50,753,570,30,19,4.684095859527588,weka.classifiers.functions.Logistic,-R 7.265022583501099E-9
1539,softmax50,783,600,30,20,4.684095859527588,weka.classifiers.functions.Logistic,-R 7.265022583501099E-9
1539,softmax50,813,630,30,21,4.684095859527588,weka.classifiers.functions.Logistic,-R 7.265022583501099E-9
1539,softmax50,843,660,30,22,4.684095859527588,weka.classifiers.functions.Logistic,-R 7.265022583501099E-9
1539,softmax50,874,690,30,23,4.684095859527588,weka.classifiers.functions.Logistic,-R 7.265022583501099E-9
1539,softmax50,904,720,30,24,4.684095859527588,weka.classifiers.functions.Logistic,-R 7.265022583501099E-9
1539,softmax50,934,750,30,25,4.684095859527588,weka.classifiers.functions.Logistic,-R 7.265022583501099E-9
1539,softmax50,964,780,30,26,4.684095859527588,weka.classifiers.functions.Logistic,-R 7.265022583501099E-9
1539,softmax50,994,810,30,27,4.684095859527588,weka.classifiers.functions.Logistic,-R 7.265022583501099E-9
1539,softmax50,1024,840,30,28,4.684095859527588,weka.classifiers.functions.Logistic,-R 7.265022583501099E-9
1539,softmax50,1054,870,30,29,4.684095859527588,weka.classifiers.functions.Logistic,-R 7.265022583501099E-9
1539,softmax50,1084,900,30,30,4.684095859527588,weka.classifiers.functions.Logistic,-R 7.265022583501099E-9
1539,softmax50,1115,930,30,31,4.684095859527588,weka.classifiers.functions.Logistic,-R 7.265022583501099E-9
1539,softmax50,1145,960,30,32,4.684095859527588,weka.classifiers.functions.Logistic,-R 7.265022583501099E-9
1539,softmax50,1175,990,30,33,4.684095859527588,weka.classifiers.functions.Logistic,-R 7.265022583501099E-9
1539,softmax50,1205,1020,30,34,4.684095859527588,weka.classifiers.functions.Logistic,-R 7.265022583501099E-9
1539,softmax50,1235,1050,30,35,4.684095859527588,weka.classifiers.functions.Logistic,-R 7.265022583501099E-9
1539,softmax50,1265,1080,30,36,4.684095859527588,weka.classifiers.functions.Logistic,-R 7.265022583501099E-9
1539,softmax50,1295,1110,30,37,4.684095859527588,weka.classifiers.functions.Logistic,-R 7.265022583501099E-9
1539,softmax50,1326,1140,30,38,4.684095859527588,weka.classifiers.functions.Logistic,-R 7.265022583501099E-9
1539,softmax50,1356,1170,30,39,4.684095859527588,weka.classifiers.functions.Logistic,-R 7.265022583501099E-9
1539,softmax50,1386,1200,30,40,4.684095859527588,weka.classifiers.functions.Logistic,-R 7.265022583501099E-9
